1,0,0,28.6965082253,-0.333468,-0.0889115906,6.66735,6.89968,7.6919,9.41444,13.299,19.4113,25.6123,38.0608,75.166,200,38.9286,19.3625,12.9514,9.78579,6.6833,4.72043,3.85168,3.45166,3.33267
1,0,0,29.4761463591,-0.333449,-0.1109051486,6.66726,6.89888,7.69009,9.41071,13.29,19.3906,25.5756,37.9783,74.8424,199.955,39.1043,19.4056,12.9705,9.79644,6.68794,4.72238,3.85265,3.45212,3.33276
1,0,0,30.310743279,-0.333449,-0.1465860953,6.66727,6.89773,7.68734,9.40488,13.2757,19.3577,25.5167,37.8461,74.3249,199.435,39.3911,19.4752,13.001,9.81333,6.6952,4.72533,3.85404,3.4527,3.33277
1,0,0,31.1861319175,-0.333474,-0.1976755959,6.66741,6.89623,7.68356,9.39672,13.2556,19.3111,25.4334,37.6592,73.5976,198.767,39.8077,19.575,13.0443,9.83727,6.70537,4.7294,3.8559,3.45341,3.33265
1,0,0,32.0904230947,-0.333507,-0.2639834286,6.66761,6.8943,7.67866,9.38617,13.2296,19.2511,25.3262,37.4194,72.6749,197.954,40.3617,19.706,13.1011,9.8685,6.71862,4.73468,3.8583,3.45432,3.3325
1,0,0,32.932080191,-0.333541,-0.3384593476,6.66782,6.89213,7.67316,9.37434,13.2006,19.184,25.2068,37.1537,71.6657,197.065,41.0031,19.8555,13.1655,9.9039,6.73361,4.74067,3.86104,3.45538,3.33236
1,0,0,33.2683438138,-0.333531,-0.3910792186,6.66781,6.89043,7.6691,9.36578,13.1798,19.1365,25.1225,36.9674,70.9678,196.38,41.4707,19.9634,13.2121,9.92956,6.74458,4.74514,3.86317,3.4563,3.33242
1,0,0,33.1873773786,-0.333394,-0.3996856176,6.66713,6.88944,7.66766,9.36343,13.1751,19.1268,25.1062,36.9333,70.8477,196.101,41.5567,19.9853,13.2224,9.9358,6.74776,4.74685,3.86431,3.45715,3.33311
1,0,0,33.0950176844,-0.333186,-0.403346245,6.6661,6.88826,7.66619,9.36138,13.1716,19.1205,25.0965,36.9147,70.7888,195.867,41.6027,19.9991,13.2298,9.94068,6.75062,4.74863,3.86566,3.45829,3.33415
1,0,0,33.0049872651,-0.332945,-0.4040022816,6.66489,6.88699,7.66475,9.35958,13.169,19.1165,25.0909,36.9057,70.7675,195.66,41.6237,20.0077,13.2351,9.94459,6.75319,4.7504,3.86708,3.45955,3.33536
1,0,0,32.921789684,-0.332677,-0.4059961748,6.66355,6.88554,7.66305,9.35738,13.1655,19.1109,25.0827,36.8913,70.7272,195.442,41.6584,20.0198,13.2422,9.94957,6.75633,4.75248,3.86872,3.46098,3.3367
1,0,0,32.8370144595,-0.332407,-0.4059961748,6.6622,6.88415,7.6615,9.35548,13.1628,19.107,25.0776,36.8838,70.7129,195.242,41.6753,20.0279,13.2476,9.95359,6.75906,4.75441,3.87028,3.46238,3.33805
1,0,0,32.8007873655,-0.332138,-0.405368213,6.66086,6.88278,7.66001,9.3537,13.1604,19.1037,25.0735,36.8786,70.7068,195.049,41.6864,20.0347,13.2524,9.95729,6.76165,4.75627,3.87182,3.46376,3.33939
1,0,0,32.7172425806,-0.331869,-0.4061331117,6.65951,6.88137,7.6584,9.35169,13.1575,19.0992,25.0672,36.8685,70.6825,194.843,41.7101,20.0443,13.2584,9.96167,6.76453,4.75825,3.8734,3.46517,3.34074
1,0,0,32.6422791216,-0.331601,-0.4055595809,6.65817,6.88,7.6569,9.34989,13.1551,19.0958,25.0631,36.8631,70.6758,194.649,41.7217,20.0512,13.2632,9.96539,6.76713,4.76011,3.87494,3.46655,3.34208
1,0,0,32.5608095698,-0.331332,-0.405340711,6.65683,6.87862,7.65537,9.34804,13.1525,19.0922,25.0584,36.8564,70.6644,194.453,41.7365,20.0588,13.2683,9.9693,6.7698,4.76201,3.87649,3.46794,3.34342
1,0,0,32.483138331,-0.331063,-0.4062425466,6.65548,6.8772,7.65376,9.34601,13.1495,19.0875,25.0519,36.8458,70.6383,194.248,41.7614,20.0687,13.2745,9.97374,6.77271,4.76399,3.87808,3.46935,3.34477
1,0,0,32.4280825196,-0.330795,-0.405395142,6.65414,6.87584,7.65228,9.34426,13.1472,19.0844,25.0482,36.8413,70.6352,194.058,41.7705,20.075,13.279,9.97733,6.77525,4.76583,3.8796,3.47073,3.34611
1,0,0,32.3125910272,-0.330526,-0.4085647446,6.6528,6.87435,7.65049,9.34187,13.1433,19.0777,25.0381,36.8228,70.5796,193.833,41.816,20.0897,13.2872,9.98289,6.77863,4.76802,3.88129,3.47217,3.34745
1,0,0,32.6431105566,-0.330242,-0.3919260502,6.65137,6.8734,7.65013,9.34255,13.147,19.0885,25.0592,36.8732,70.7817,193.787,41.683,20.0637,13.278,9.97898,6.77804,4.76863,3.88227,3.47337,3.34887
1,0,0,33.2125161751,-0.329922,-0.3483497451,6.64973,6.87311,7.65159,9.34731,13.1609,19.1231,25.1226,37.0179,71.3395,193.982,41.3132,19.9835,13.2457,9.96249,6.77222,4.76724,3.8824,3.4743,3.35045
1,0,0,33.9192470546,-0.329559,-0.2914132101,6.64788,6.87302,7.65383,9.35395,13.1797,19.1692,25.207,37.2103,72.0852,194.297,40.8368,19.8782,13.2027,9.94024,6.76409,4.76503,3.88225,3.47524,3.35225
1,0,0,34.6970651387,-0.329162,-0.2285752098,6.64586,6.87296,7.65634,9.36132,13.2005,19.2205,25.3009,37.4253,72.9273,194.663,40.3241,19.7633,13.1556,9.91576,6.75511,4.76258,3.88206,3.47626,3.35422
1,0,0,35.0728164781,-0.328799,-0.1851902726,6.64403,6.87245,7.65757,9.3658,13.2141,19.2549,25.3646,37.5727,73.5157,194.848,39.9832,19.6875,13.125,9.90028,6.74984,4.76153,3.88245,3.47742,3.35602
1,0,0,35.0134933074,-0.328548,-0.1793163093,6.64277,6.87134,7.65658,9.36499,13.2139,19.2566,25.3694,37.5871,73.585,194.687,39.9495,19.6831,13.1248,9.90116,6.75115,4.76281,3.88367,3.47862,3.35728
1,0,0,34.9412426097,-0.328359,-0.1764200077,6.64183,6.87046,7.65571,9.36413,13.2132,19.2565,25.3705,37.5923,73.6156,194.501,39.9368,19.6829,13.126,9.90256,6.75245,4.76391,3.88465,3.47956,3.35822
1,0,0,34.8655552389,-0.328194,-0.1766388775,6.641,6.8696,7.65475,9.36293,13.2115,19.2539,25.367,37.5868,73.6033,194.286,39.9484,19.6882,13.1294,9.90509,6.75416,4.7651,3.88561,3.48041,3.35905
1,0,0,34.7902842191,-0.32806,-0.1754093101,6.64033,6.86894,7.65406,9.36218,13.2106,19.2531,25.3664,37.5875,73.6133,194.085,39.9463,19.6897,13.131,9.90648,6.75526,4.76595,3.88634,3.48109,3.35972
1,0,0,34.7216663767,-0.327925,-0.1765294426,6.63966,6.86821,7.65321,9.36106,13.2088,19.2501,25.3621,37.5796,73.59,193.863,39.9635,19.6959,13.1346,9.909,6.75684,4.767,3.88716,3.4818,3.36039
1,0,0,34.6747233622,-0.327791,-0.1764475096,6.63899,6.86752,7.65244,9.36012,13.2075,19.2482,25.3596,37.5761,73.5837,193.653,39.9708,19.6996,13.1371,9.91094,6.75817,4.76794,3.88793,3.4825,3.36106
1,0,0,34.577216544,-0.327657,-0.1767752415,6.63832,6.86681,7.65164,9.35912,13.2061,19.246,25.3565,37.5711,73.5716,193.439,39.9815,19.7042,13.14,9.91308,6.75959,4.76892,3.88872,3.4832,3.36173
1,0,0,34.4918099139,-0.327522,-0.1775132111,6.63764,6.86609,7.65081,9.35805,13.2044,19.2434,25.3527,37.5646,73.5537,193.222,39.9956,19.7096,13.1433,9.91542,6.76109,4.76994,3.88953,3.48391,3.3624
1,0,0,34.4067360912,-0.327388,-0.1775401401,6.63697,6.8654,7.65003,9.3571,13.2031,19.2414,25.3501,37.5607,73.5459,193.012,40.0038,19.7136,13.146,9.91741,6.76245,4.77089,3.8903,3.48461,3.36308
1,0,0,34.3340431935,-0.327254,-0.1771579773,6.6363,6.86472,7.64928,9.35622,13.2019,19.2398,25.3482,37.5583,73.5438,192.806,40.0086,19.7168,13.1482,9.91921,6.76372,4.77181,3.89107,3.4853,3.36375
1,0,0,34.2703048782,-0.327119,-0.1776220731,6.63563,6.86401,7.64848,9.3552,13.2004,19.2374,25.3449,37.5528,73.5298,192.592,40.0205,19.7217,13.1513,9.92141,6.76517,4.7728,3.89186,3.486,3.36442
1,0,0,34.2064350124,-0.326987,-0.1777040061,6.63497,6.86332,7.6477,9.35425,13.199,19.2354,25.3422,37.5488,73.5213,192.383,40.0291,19.7257,13.1539,9.92341,6.76652,4.77375,3.89263,3.48669,3.36508
1,0,0,34.6433250842,-0.326852,-0.1743986126,6.63429,6.86273,7.64718,9.35384,13.199,19.2365,25.345,37.557,73.5607,192.203,40.0097,19.7231,13.1537,9.9238,6.76719,4.77443,3.89328,3.48733,3.36575
1,0,0,35.2955001176,-0.326718,-0.1633880826,6.63362,6.86238,7.64725,9.35468,13.202,19.2446,25.3604,37.5935,73.7097,192.09,39.9268,19.7052,13.1468,9.92049,6.76627,4.77446,3.89362,3.48784,3.36642
1,0,0,36.0500130851,-0.326565,-0.1383349301,6.63285,6.86239,7.64829,9.35767,13.2105,19.2654,25.3985,37.6811,74.0596,192.101,39.7305,19.66,13.1281,9.91073,6.76265,4.77344,3.89352,3.48822,3.36718
1,0,0,36.8513281254,-0.326397,-0.096835024,6.632,6.86284,7.6505,9.36324,13.2253,19.301,25.4635,37.8296,74.6515,192.258,39.4049,19.5834,13.0956,9.89337,6.75581,4.77116,3.89285,3.48841,3.36802
1,0,0,37.0583486013,-0.326245,-0.070552304,6.63123,6.86289,7.65164,9.36644,13.2342,19.323,25.5039,37.9229,75.0288,192.272,39.2042,19.5365,13.0761,9.88309,6.75196,4.77005,3.8927,3.48877,3.36878
1,0,0,36.9711360843,-0.326138,-0.0623011388,6.63069,6.8626,7.65166,9.36703,13.2365,19.3291,25.5155,37.9506,75.1448,192.121,39.1451,19.5235,13.0711,9.88073,6.75134,4.77012,3.89299,3.48919,3.36931
1,0,0,36.9308262942,-0.326037,-0.0532581459,6.63019,6.86237,7.65178,9.3678,13.2391,19.336,25.5285,37.9815,75.2731,191.978,39.0795,19.5088,13.0653,9.87791,6.7505,4.77007,3.89322,3.48956,3.36982
1,0,0,36.8628419154,-0.325961,-0.0471929866,6.62981,6.86217,7.6518,9.36825,13.2407,19.3405,25.5371,38.002,75.359,191.808,39.0362,19.4993,13.0616,9.87615,6.75003,4.77011,3.89342,3.48986,3.3702
1,0,0,36.8023808236,-0.325893,-0.0439144648,6.62947,6.86192,7.65167,9.36831,13.2414,19.3425,25.5412,38.0124,75.404,191.613,39.0143,19.4949,13.0601,9.87558,6.75003,4.77031,3.89368,3.49015,3.37053
1,0,0,36.7460904936,-0.325842,-0.0426304091,6.62921,6.8617,7.65146,9.36815,13.2414,19.343,25.5424,38.0157,75.4203,191.4,39.0073,19.4939,13.06,9.87573,6.75029,4.77057,3.89393,3.4904,3.37079
1,0,0,37.036281915,-0.325808,-0.041810793,6.62904,6.86155,7.65133,9.36805,13.2413,19.3432,25.5431,38.0178,75.4306,191.183,39.0027,19.4933,13.06,9.87583,6.75045,4.77074,3.89409,3.49056,3.37096
1,0,0,37.3839107309,-0.325774,-0.0421113093,6.62887,6.86136,7.65112,9.36776,13.2409,19.3425,25.5419,38.0157,75.4242,190.953,39.0071,19.4948,13.0609,9.87647,6.75086,4.771,3.8943,3.49074,3.37113
1,0,0,37.7314474316,-0.325741,-0.0424938159,6.62871,6.86118,7.65089,9.36746,13.2404,19.3416,25.5407,38.0133,75.4165,190.72,39.012,19.4965,13.0619,9.87714,6.75127,4.77127,3.89451,3.49092,3.3713
1,0,0,38.0815005984,-0.325707,-0.0428216624,6.62854,6.86099,7.65067,9.36717,13.2399,19.3408,25.5395,38.0111,75.4098,190.486,39.0166,19.4982,13.0628,9.87779,6.75167,4.77154,3.89471,3.4911,3.37147
1,0,0,38.4348031131,-0.325673,-0.0431221788,6.62837,6.86081,7.65046,9.36688,13.2395,19.3401,25.5383,38.009,75.4034,190.249,39.0208,19.4997,13.0637,9.87843,6.75207,4.7718,3.89492,3.49128,3.37163
1,0,0,38.7921881249,-0.32564,-0.0433407622,6.6282,6.86063,7.65024,9.36661,13.2391,19.3394,25.5373,38.0072,75.3982,190.012,39.0245,19.5011,13.0645,9.87902,6.75245,4.77206,3.89512,3.49145,3.3718
1,0,0,39.1502987486,-0.325606,-0.0421932423,6.62803,6.86049,7.65014,9.36656,13.2392,19.3399,25.5386,38.0106,75.4134,189.784,39.0175,19.4998,13.0642,9.87897,6.75256,4.7722,3.89527,3.49161,3.37197
1,0,0,39.5039464883,-0.325572,-0.041920056,6.62786,6.86032,7.64997,9.36636,13.239,19.3397,25.5384,38.0106,75.4155,189.547,39.0173,19.5003,13.0646,9.87934,6.75284,4.77242,3.89546,3.49178,3.37214
1,0,0,39.8718372816,-0.325539,-0.0429582555,6.6277,6.86012,7.64969,9.36596,13.2382,19.3383,25.536,38.0058,75.3982,189.295,39.0274,19.5033,13.0662,9.88032,6.75339,4.77274,3.89569,3.49197,3.37231
1,0,0,40.2526673321,-0.325505,-0.0447340809,6.62753,6.85989,7.64936,9.36543,13.2372,19.3361,25.5324,37.9982,75.3697,189.034,39.0433,19.5077,13.0683,9.88166,6.75409,4.77313,3.89596,3.49217,3.37248
1,0,0,40.6261444724,-0.325471,-0.0425484188,6.62736,6.85978,7.64934,9.36555,13.2377,19.3377,25.5354,38.0054,75.4004,188.807,39.028,19.5044,13.0671,9.88111,6.75398,4.77318,3.89606,3.49231,3.37264
1,0,0,41.0262533563,-0.325436,-0.0408545264,6.62718,6.85965,7.64926,9.36558,13.238,19.3387,25.5375,38.0107,75.4237,188.573,39.0167,19.5022,13.0663,9.88082,6.75398,4.77329,3.8962,3.49247,3.37282
1,0,0,41.4357271435,-0.325403,-0.039843657,6.62701,6.85951,7.64915,9.3655,13.2381,19.3391,25.5385,38.0135,75.4369,188.33,39.0108,19.5012,13.0661,9.88084,6.75411,4.77345,3.89635,3.49262,3.37299
1,0,0,41.8531624178,-0.325369,-0.0390513709,6.62685,6.85936,7.64901,9.36539,13.2381,19.3394,25.5392,38.0155,75.4468,188.082,39.0065,19.5006,13.0661,9.88095,6.75429,4.77362,3.89652,3.49278,3.37316
1,0,0,42.2789819555,-0.325335,-0.0385322712,6.62668,6.85921,7.64886,9.36524,13.2379,19.3394,25.5394,38.0165,75.4526,187.83,39.0044,19.5006,13.0663,9.8812,6.75452,4.77381,3.89669,3.49295,3.37332
1,0,0,42.7133274499,-0.325302,-0.0384503382,6.62651,6.85903,7.64867,9.36502,13.2376,19.339,25.5389,38.0159,75.4519,187.571,39.0057,19.5014,13.0669,9.88165,6.75484,4.77404,3.89688,3.49312,3.37349
1,0,0,43.0540552255,-0.325268,-0.0433407622,6.62634,6.8587,7.6481,9.36398,13.2353,19.334,25.5302,37.9966,75.377,187.265,39.046,19.5118,13.0717,9.88447,6.75617,4.77469,3.89727,3.49338,3.37366
1,0,0,43.0666688596,-0.325234,-0.0519740902,6.62617,6.85825,7.64724,9.36234,13.2316,19.3255,25.5152,37.9633,75.2467,186.924,39.1159,19.5296,13.0798,9.88906,6.75828,4.77565,3.8978,3.49369,3.37383
1,0,0,43.1485831893,-0.325201,-0.0415922096,6.62601,6.85841,7.64785,9.36379,13.2354,19.3346,25.5318,38.0012,75.3993,186.754,39.0362,19.5104,13.0715,9.88462,6.75649,4.77502,3.89759,3.4937,3.374
1,0,0,43.3599675811,-0.32514,0.0108909537,6.6257,6.85978,7.65154,9.37193,13.2558,19.3824,25.6179,38.1971,76.1869,186.959,38.6318,19.4109,13.0281,9.86065,6.74638,4.77108,3.89588,3.49316,3.3743
1,0,0,43.8339667035,-0.325021,0.0995193313,6.62511,6.86202,7.6577,9.38563,13.2902,19.4634,25.7645,38.5321,77.5544,187.488,37.9689,19.2457,12.9556,9.82069,6.72956,4.76456,3.8931,3.49233,3.3749
1,0,0,44.5757083737,-0.324868,0.1749520898,6.62437,6.86367,7.66267,9.39697,13.3192,19.5322,25.8896,38.8205,78.7548,187.898,37.4254,19.1088,12.8957,9.78771,6.71584,4.7594,3.89104,3.4919,3.37568
1,0,0,45.4688126415,-0.324737,0.2236649615,6.62373,6.86457,7.66571,9.40409,13.3377,19.5765,25.9705,39.0082,79.5483,188.062,37.0845,19.0224,12.8579,9.76701,6.70734,4.7563,3.8899,3.49179,3.37634
1,0,0,46.4377748752,-0.324654,0.24022115,6.62333,6.86469,7.66652,9.40624,13.3436,19.591,25.9974,39.0713,79.8194,187.928,36.9722,18.9943,12.8458,9.76055,6.70483,4.75552,3.88973,3.49196,3.37676
1,0,0,47.4181978551,-0.324648,0.2252222608,6.62329,6.86417,7.66531,9.40371,13.3374,19.5766,25.9714,39.0117,79.5688,187.501,37.0783,19.0221,12.8583,9.76758,6.7079,4.7568,3.89035,3.49223,3.37679
1,0,0,48.3642836094,-0.324715,0.1894049502,6.62361,6.86335,7.66291,9.39827,13.3235,19.5437,25.9113,38.8726,78.9818,186.881,37.3298,19.0863,12.8866,9.78321,6.71445,4.75928,3.89136,3.49246,3.37644
1,0,0,49.2481996562,-0.324855,0.150281673,6.6243,6.8628,7.66068,9.39281,13.3091,19.5087,25.8473,38.7238,78.3544,186.229,37.6048,19.1552,12.9164,9.79937,6.72094,4.76152,3.89207,3.49236,3.37574
1,0,0,50.057833294,-0.325038,0.1052569306,6.6252,6.86229,7.65825,9.3867,13.2927,19.4691,25.7745,38.5547,77.6461,185.522,37.9253,19.2344,12.9505,9.81775,6.72822,4.76396,3.89277,3.49215,3.37481
1,0,0,50.78726544,-0.32524,0.0614892576,6.6262,6.86192,7.65602,9.38093,13.2771,19.431,25.7046,38.3925,76.9713,184.824,38.241,19.3114,12.9834,9.83534,6.73509,4.76617,3.89332,3.49181,3.3738
1,0,0,51.4488963164,-0.325357,0.0308276504,6.62679,6.86154,7.65433,9.37674,13.2659,19.4041,25.6555,38.2789,76.5043,184.24,38.4667,19.3665,13.007,9.84806,6.74015,4.76788,3.89384,3.49171,3.37322
1,0,0,52.0396866252,-0.325516,0.0183958986,6.62758,6.86197,7.65429,9.37582,13.2625,19.3949,25.6377,38.2363,76.323,183.816,38.5527,19.3857,13.0144,9.85161,6.74109,4.76779,3.89342,3.49109,3.37242
1,0,0,52.5747273394,-0.325638,0.0204554527,6.62819,6.86266,7.65515,9.37702,13.2646,19.3986,25.6435,38.2477,76.3616,183.516,38.53,19.3783,13.0103,9.84886,6.73945,4.76676,3.89263,3.49042,3.37181
1,0,0,53.0994149949,-0.325732,0.0311789308,6.62866,6.8635,7.65653,9.37945,13.2698,19.4099,25.6633,38.2911,76.5314,183.288,38.4426,19.355,12.9995,9.84242,6.73633,4.7652,3.89166,3.48976,3.37134
1,0,0,53.6453934498,-0.3258,0.0405401445,6.629,6.86415,7.65764,9.38146,13.2743,19.4197,25.6803,38.3287,76.6794,183.044,38.3676,19.3352,12.9903,9.83703,6.73375,4.76395,3.89091,3.48926,3.371
1,0,0,54.168888188,-0.325867,0.0478602532,6.62934,6.86473,7.65859,9.38313,13.2779,19.4275,25.6939,38.3585,76.7963,182.779,38.3083,19.3194,12.9828,9.83261,6.7316,4.76287,3.89024,3.48879,3.37067
1,0,0,54.6813372411,-0.325934,0.0549415532,6.62967,6.86531,7.65953,9.38477,13.2814,19.4351,25.7071,38.3875,76.9099,182.509,38.251,19.304,12.9755,9.8283,6.72949,4.7618,3.88957,3.48833,3.37033
1,0,0,55.2002718007,-0.326001,0.0570546216,6.63001,6.86572,7.66008,9.38559,13.2829,19.438,25.7119,38.3975,76.9466,182.192,38.2312,19.2981,12.9725,9.82633,6.72839,4.76115,3.8891,3.48795,3.37
1,0,0,55.7159164586,-0.326068,0.0556003401,6.63034,6.86602,7.66035,9.38583,13.283,19.4377,25.7108,38.3939,76.9279,181.84,38.2384,19.2989,12.9724,9.82603,6.72801,4.7608,3.88877,3.48762,3.36966
1,0,0,56.2288048477,-0.326135,0.05083018,6.63068,6.86622,7.66037,9.38552,13.2818,19.4342,25.7041,38.3777,76.8579,181.456,38.2706,19.306,12.9751,9.82729,6.72831,4.76072,3.88857,3.48735,3.36933
1,0,0,56.7487060992,-0.326202,0.0364689355,6.63101,6.8661,7.65965,9.38364,13.2767,19.4217,25.6813,38.3248,76.6399,180.986,38.3756,19.3315,12.9859,9.83307,6.73056,4.76144,3.88874,3.48724,3.36899
1,0,0,57.2797911708,-0.32627,0.010951458,6.63135,6.86563,7.65807,9.37993,13.2671,19.399,25.6399,38.2298,76.2528,180.417,38.5667,19.3783,13.0062,9.84411,6.73507,4.76308,3.88936,3.48731,3.36865
1,0,0,57.8258134968,-0.326337,-0.0135346955,6.63168,6.86519,7.65656,9.3764,13.2579,19.3772,25.6003,38.1392,75.8851,179.854,38.7517,19.4234,13.0257,9.8547,6.73939,4.76464,3.88993,3.48736,3.36832
1,0,0,58.3617894987,-0.326389,-0.0369491888,6.63194,6.86471,7.65506,9.37294,13.2491,19.3562,25.5623,38.0527,75.5363,179.299,38.9311,19.4671,13.0446,9.86502,6.74365,4.76623,3.89055,3.48747,3.36806
1,0,0,58.9020140118,-0.326422,-0.0576808072,6.63211,6.86422,7.65366,9.36979,13.2411,19.3375,25.5286,37.976,75.2293,178.765,39.0921,19.5063,13.0616,9.87437,6.74755,4.76772,3.89117,3.48764,3.36789
1,0,0,59.4490394823,-0.326434,-0.0680788452,6.63218,6.86395,7.65293,9.36818,13.2371,19.3281,25.5116,37.9375,75.0761,178.316,39.1735,19.5261,13.0703,9.87913,6.74955,4.7685,3.89151,3.48775,3.36783
1,0,0,60.0098841552,-0.326425,-0.0641878888,6.63213,6.86403,7.65317,9.36875,13.2386,19.3315,25.5179,37.9518,75.1331,177.985,39.1433,19.5188,13.0671,9.87741,6.74885,4.76824,3.89141,3.48773,3.36788
1,0,0,60.5951578663,-0.326392,-0.0442929034,6.63196,6.86449,7.65451,9.37176,13.2462,19.3495,25.5502,38.0252,75.4267,177.786,38.9885,19.4812,13.0508,9.86846,6.74512,4.76682,3.89082,3.48758,3.36804
1,0,0,61.1884668083,-0.326358,-0.0167798712,6.63179,6.8652,7.65644,9.37602,13.2569,19.3745,25.5953,38.1276,75.8374,177.648,38.7757,19.429,13.028,9.85592,6.73984,4.76476,3.88993,3.4873,3.36821
1,0,0,61.8115174024,-0.326324,-0.0037929405,6.63162,6.86544,7.65725,9.37791,13.2617,19.386,25.6163,38.1757,76.0318,177.383,38.6771,19.405,13.0176,9.85027,6.73753,4.76392,3.88962,3.48726,3.36838
1,0,0,62.3512497114,-0.326297,0.0037181294,6.63148,6.86554,7.65767,9.37894,13.2645,19.3926,25.6283,38.2033,76.1443,177.067,38.6207,19.3914,13.0118,9.84712,6.73627,4.76349,3.88948,3.48728,3.36852
1,0,0,62.894116263,-0.326297,0.0069465403,6.63148,6.86564,7.65792,9.37947,13.2658,19.3956,25.6337,38.2155,76.1934,176.712,38.5959,19.3852,13.0091,9.8456,6.73562,4.76322,3.88935,3.48723,3.36852
1,0,0,63.4258710423,-0.326297,0.0056942952,6.63148,6.8656,7.65782,9.37927,13.2653,19.3945,25.6316,38.2107,76.1743,176.315,38.6055,19.3876,13.0101,9.84619,6.73587,4.76333,3.8894,3.48725,3.36852
1,0,0,63.9517892954,-0.326297,-0.0011791128,6.63148,6.86538,7.65729,9.37814,13.2625,19.3881,25.6201,38.1847,76.0699,175.868,38.6585,19.4008,13.0159,9.84944,6.73727,4.7639,3.88967,3.48736,3.36852
1,0,0,64.481850044,-0.326297,-0.0233308987,6.63149,6.86467,7.65558,9.37452,13.2536,19.3675,25.5832,38.1012,75.7353,175.29,38.8301,19.4434,13.0347,9.85991,6.74179,4.76574,3.89054,3.48772,3.36852
1,0,0,65.0281882736,-0.326297,-0.0583322602,6.63149,6.86355,7.65288,9.3688,13.2396,19.3351,25.5251,37.97,75.2126,174.602,39.1045,19.5112,13.0646,9.87651,6.74893,4.76866,3.89192,3.4883,3.36852
1,0,0,65.5693223551,-0.326297,-0.0966952223,6.63149,6.86233,7.64994,9.36255,13.2243,19.2997,25.4618,37.8272,74.6479,173.886,39.4096,19.586,13.0975,9.89477,6.75679,4.77186,3.89342,3.48893,3.36852
1,0,0,66.1041066158,-0.326291,-0.1355807219,6.63147,6.86106,7.64692,9.35618,13.2088,19.2639,25.3978,37.6834,74.0839,173.165,39.7243,19.6626,13.1311,9.91345,6.76484,4.77516,3.89499,3.4896,3.36856
1,0,0,66.6495124798,-0.326257,-0.1611380773,6.63131,6.86007,7.64477,9.35179,13.1983,19.24,25.3553,37.5887,73.7161,172.552,39.9356,19.7142,13.1538,9.9262,6.77043,4.77753,3.8962,3.49019,3.36873
1,0,0,67.2253926667,-0.326184,-0.1621596611,6.63095,6.85966,7.64427,9.35111,13.1972,19.238,25.3522,37.5829,73.6975,172.137,39.9483,19.7183,13.1561,9.92777,6.77138,4.77814,3.89666,3.49059,3.36909
1,0,0,67.8639508282,-0.326071,-0.1360018459,6.63037,6.85991,7.64562,9.35456,13.2065,19.2603,25.3929,37.6756,74.0655,171.94,39.7407,19.6698,13.1357,9.91688,6.76713,4.77675,3.89628,3.49074,3.36965
1,0,0,68.5970407735,-0.325928,-0.0990775808,6.62965,6.86034,7.64762,9.35955,13.2197,19.2921,25.4507,37.8078,74.5923,171.827,39.4504,19.6014,13.1067,9.90133,6.76098,4.77467,3.89565,3.49088,3.37037
1,0,0,69.3480464733,-0.325775,-0.07292836,6.62888,6.86038,7.64875,9.36274,13.2286,19.314,25.4909,37.9006,74.9672,171.62,39.2504,19.5547,13.0872,9.89111,6.75715,4.77357,3.8955,3.49124,3.37113
1,0,0,69.9221013348,-0.325641,-0.0608933815,6.62821,6.86007,7.6489,9.36375,13.2321,19.3232,25.5083,37.9416,75.1374,171.293,39.1628,19.5352,13.0795,9.88735,6.75603,4.77352,3.89581,3.49174,3.3718
1,0,0,70.4892006283,-0.325528,-0.0587734377,6.62764,6.85956,7.64841,9.3633,13.2318,19.3235,25.5096,37.9463,75.1624,170.881,39.1526,19.5343,13.0799,9.88799,6.75673,4.77414,3.89638,3.49229,3.37236
1,0,0,71.041635759,-0.325427,-0.0640526708,6.62714,6.85887,7.64743,9.36173,13.2287,19.3171,25.4989,37.9237,75.0786,170.407,39.2002,19.5475,13.0863,9.89198,6.75882,4.77529,3.89717,3.49289,3.37287
1,0,0,71.5927626218,-0.325327,-0.0851569982,6.62664,6.85767,7.64522,9.35758,13.2193,19.2962,25.4621,37.8423,74.7621,169.8,39.374,19.5916,13.1064,9.90352,6.76415,4.77777,3.89858,3.49376,3.37337
1,0,0,72.1536600801,-0.325226,-0.1218188487,6.62614,6.85598,7.64183,9.3509,13.2037,19.261,25.3999,37.7038,74.2227,169.067,39.6751,19.6665,13.1399,9.92253,6.7727,4.78155,3.90061,3.49489,3.37388
1,0,0,72.6947880814,-0.325122,-0.162703971,6.62564,6.85415,7.6381,9.34353,13.1864,19.2221,25.331,37.5508,73.6307,168.298,40.0158,19.7505,13.1773,9.94368,6.78216,4.78572,3.90282,3.4961,3.3744
1,0,0,73.2217160197,-0.324988,-0.2000625381,6.62498,6.85227,7.63448,9.33653,13.1703,19.1861,25.2677,37.4109,73.0958,167.557,40.3345,19.829,13.2125,9.96367,6.79124,4.78981,3.90508,3.49741,3.37508
1,0,0,73.7574760072,-0.324838,-0.2162720871,6.62424,6.85099,7.63238,9.33286,13.1624,19.1692,25.2386,37.348,72.861,166.983,40.4798,19.8659,13.2296,9.97371,6.7961,4.79224,3.90659,3.49846,3.37583
1,0,0,74.3411959835,-0.324649,-0.1995972964,6.62329,6.85053,7.63256,9.33422,13.1671,19.1816,25.262,37.403,73.0836,166.665,40.3508,19.838,13.2187,9.96844,6.79455,4.79218,3.90702,3.49916,3.37678
1,0,0,75.014388321,-0.324417,-0.1537503595,6.62211,6.85079,7.63473,9.34001,13.1829,19.2201,25.3322,37.5635,73.7191,166.573,39.9837,19.7533,13.1833,9.94975,6.7874,4.78996,3.90655,3.4996,3.37793
1,0,0,75.8236781738,-0.324152,-0.1087107202,6.62077,6.85084,7.63664,9.34545,13.1982,19.2574,25.4008,37.7216,74.3523,166.47,39.632,19.672,13.1495,9.93204,6.78078,4.78806,3.9063,3.50023,3.37925
1,0,0,76.5621593722,-0.323904,-0.0503590368,6.61952,6.85142,7.63969,9.3532,13.2189,19.3076,25.4923,37.9312,75.1951,166.467,39.1803,19.5649,13.1042,9.90778,6.77127,4.78492,3.90542,3.50055,3.38048
1,0,0,77.1798564394,-0.323709,-0.0171114418,6.61855,6.85147,7.64112,9.35724,13.2302,19.3355,25.5436,38.0502,75.681,166.261,38.9307,19.5061,13.0795,9.89483,6.76641,4.78353,3.90524,3.50102,3.38145
1,0,0,77.7571113952,-0.323563,-0.0098677656,6.61781,6.85095,7.64083,9.35739,13.2317,19.34,25.5528,38.0733,75.7817,165.845,38.8828,19.4963,13.0762,9.89354,6.76639,4.78396,3.9058,3.50166,3.38219
1,0,0,78.330850262,-0.323453,-0.0284336035,6.61726,6.84979,7.63877,9.35358,13.2232,19.3212,25.5199,38.0004,75.4964,165.221,39.034,19.5354,13.0941,9.90397,6.77129,4.78629,3.90717,3.50253,3.38274
1,0,0,78.9097093382,-0.323352,-0.0662992383,6.61676,6.84806,7.63528,9.3467,13.2071,19.2848,25.4553,37.856,74.9278,164.443,39.3386,19.612,13.1285,9.92349,6.78007,4.79017,3.90924,3.50368,3.38324
1,0,0,79.4554175763,-0.323251,-0.1073780204,6.61627,6.84623,7.63155,9.33931,13.1897,19.2456,25.3857,37.7009,74.3211,163.639,39.674,19.6956,13.1659,9.94463,6.78954,4.79433,3.91145,3.50487,3.38375
1,0,0,79.9831803232,-0.323151,-0.1360150239,6.61577,6.8448,7.62878,9.33396,13.1774,19.2179,25.3369,37.5926,73.9022,162.932,39.913,19.7551,13.1926,9.95987,6.79646,4.79745,3.91317,3.50587,3.38426
1,0,0,80.521109739,-0.323035,-0.1327010361,6.61519,6.8443,7.62836,9.33368,13.1775,19.2192,25.3401,37.6015,73.9433,162.47,39.8927,19.7519,13.192,9.95998,6.79694,4.79799,3.91371,3.50642,3.38484
1,0,0,81.1265982279,-0.322885,-0.0875943607,6.61443,6.84496,7.63095,9.33994,13.1939,19.2584,25.4112,37.7636,74.5887,162.327,39.536,19.6673,13.1559,9.94052,6.78913,4.79526,3.91278,3.50644,3.38558
1,0,0,81.7979017717,-0.322717,-0.0275361225,6.61359,6.84601,7.63459,9.34853,13.2162,19.3113,25.5072,37.9826,75.4678,162.295,39.0694,19.5549,13.1076,9.9143,6.77847,4.79142,3.91138,3.50633,3.38641
1,0,0,82.4803079188,-0.322549,0.0556342019,6.61275,6.8478,7.64003,9.36093,13.2478,19.3861,25.6426,38.2922,76.7243,162.44,38.4378,19.3996,13.0401,9.87732,6.76313,4.78565,3.90907,3.50583,3.38725
1,0,0,83.2380672811,-0.322394,0.1550314932,6.61199,6.85021,7.64682,9.37614,13.2863,19.477,25.8074,38.6704,78.2853,162.709,37.7072,19.2161,12.9595,9.83288,6.74448,4.77849,3.90607,3.50502,3.38804
1,0,0,83.9742108192,-0.322305,0.2145589433,6.61157,6.85168,7.65093,9.38532,13.3095,19.5319,25.9072,38.9007,79.2515,162.663,37.2828,19.1078,12.9117,9.80641,6.73332,4.77418,3.90426,3.50451,3.3885
1,0,0,84.6200570525,-0.322321,0.2168903086,6.61165,6.85183,7.6512,9.38581,13.3106,19.5343,25.9115,38.9103,79.2909,162.162,37.2654,19.103,12.9095,9.8051,6.7327,4.77388,3.90408,3.5044,3.38842
1,0,0,85.2315745999,-0.322421,0.1838999717,6.61214,6.85128,7.64922,9.38109,13.2982,19.5046,25.8571,38.7838,78.7551,161.382,37.4963,19.1614,12.9349,9.819,6.73836,4.7759,3.90479,3.50441,3.38791
1,0,0,85.7984176364,-0.322556,0.1428842149,6.6128,6.85065,7.64681,9.37529,13.283,19.4679,25.7899,38.6279,78.0995,160.539,37.787,19.2343,12.9666,9.83621,6.74533,4.77835,3.90562,3.50438,3.38723
1,0,0,86.3245044257,-0.322723,0.12437997,6.61363,6.85092,7.64635,9.37344,13.2772,19.453,25.7618,38.5611,77.8137,159.87,37.9137,19.2643,12.9789,9.84244,6.74741,4.77871,3.90537,3.50381,3.38639
1,0,0,86.86214674,-0.322891,0.1501917187,6.61448,6.85263,7.64932,9.37887,13.2893,19.4797,25.8089,38.6661,78.2368,159.539,37.7149,19.211,12.9541,9.82792,6.74051,4.77538,3.9034,3.50252,3.38556
1,0,0,87.5033581093,-0.323059,0.2226307727,6.61535,6.85585,7.65592,9.392,13.3203,19.5507,25.9358,38.9547,79.4303,159.565,37.184,19.0716,12.8907,9.79175,6.72421,4.7682,3.8996,3.50049,3.38473
1,0,0,88.0126784074,-0.323257,0.3029428398,6.61638,6.8595,7.66333,9.40671,13.3551,19.6302,26.0783,39.2801,80.7975,159.649,36.6117,18.919,12.8209,9.75179,6.70611,4.76019,3.89534,3.49817,3.38376
1,0,0,88.5003985439,-0.323459,0.4486821035,6.6175,6.86534,7.67593,9.43242,13.417,19.7737,26.3378,39.8798,83.3917,160.245,35.6246,18.6524,12.699,9.68235,6.67508,4.74684,3.88855,3.49481,3.38281
1,0,0,89.1489688746,-0.323706,0.5951713688,6.61889,6.8715,7.68895,9.45878,13.4803,19.9209,26.6049,40.5028,86.1753,160.853,34.6821,18.3907,12.5781,9.61293,6.64377,4.73321,3.88152,3.49123,3.38165
1,0,0,89.1849620161,-0.324136,0.6787315337,6.62115,6.87654,7.69809,9.47597,13.5197,20.0102,26.7655,40.8759,87.867,160.966,34.1516,18.2368,12.5047,9.56968,6.62321,4.72346,3.87586,3.4877,3.37956
1,0,0,89.1085712039,-0.324805,0.7126850126,6.62454,6.88116,7.70469,9.48651,13.5408,20.0542,26.8413,41.0448,88.6062,160.685,33.9158,18.1617,12.4661,9.54523,6.61006,4.71606,3.87074,3.48373,3.37624
1,0,0,89.0182767731,-0.325623,0.7134413169,6.62863,6.88543,7.70951,9.4925,13.5495,20.0674,26.8593,41.0734,88.6766,160.14,33.8702,18.1385,12.4504,9.53334,6.6019,4.71028,3.86603,3.4795,3.37215
1,0,0,88.9280998388,-0.326529,0.6988710002,6.63314,6.88965,7.71361,9.49651,13.5526,20.0665,26.8508,41.0377,88.4371,159.475,33.9109,18.1385,12.4449,9.52693,6.59585,4.70512,3.86138,3.47504,3.36761
1,0,0,88.8491634529,-0.327515,0.6855783793,6.63805,6.89432,7.71828,9.50131,13.5571,20.0681,26.8464,41.0101,88.2308,158.822,33.9401,18.1342,12.4369,9.51883,6.58878,4.6993,3.85623,3.47016,3.36267
1,0,0,88.7793270375,-0.328574,0.6789779055,6.64333,6.8996,7.72391,9.50777,13.5651,20.0775,26.8557,41.014,88.1665,158.225,33.926,18.1167,12.4224,9.50674,6.57968,4.69243,3.85041,3.4648,3.35737
1,0,0,88.9221006745,-0.329694,0.6699939273,6.64892,6.90511,7.7297,9.51426,13.5728,20.0855,26.8618,41.0094,88.0581,157.61,33.9229,18.1015,12.4087,9.49483,6.57044,4.68532,3.84433,3.45916,3.35176
1,0,0,89.0620324131,-0.330835,0.6964416591,6.65467,6.91193,7.73846,9.52693,13.5956,20.1292,26.9335,41.1602,88.6742,157.272,33.7084,18.0265,12.3672,9.46708,6.55415,4.67523,3.83678,3.45286,3.34607
1,0,0,89.3242492253,-0.331976,0.7820988495,6.6605,6.92077,7.75198,9.54974,13.6436,20.2329,27.1157,41.575,90.5494,157.397,33.154,17.8545,12.2808,9.41369,6.52654,4.66046,3.82703,3.44566,3.34043
1,0,0,89.9273631461,-0.333151,0.8379393162,6.66647,6.92879,7.76333,9.56775,13.6795,20.3075,27.2444,41.8631,91.8429,157.285,32.7803,17.7324,12.217,9.37307,6.50443,4.64786,3.81822,3.43876,3.3346
1,0,0,90.5980886261,-0.334396,0.832851451,6.67269,6.93509,7.77017,9.57581,13.6901,20.3213,27.2602,41.8791,91.8167,156.688,32.7475,17.7074,12.1981,9.35775,6.49325,4.63958,3.81128,3.43241,3.32837
1,0,0,91.1154119814,-0.335706,0.8053552064,6.67919,6.94095,7.77557,9.58047,13.6917,20.3132,27.2352,41.7959,91.3054,155.913,32.8373,17.7171,12.1947,9.35114,6.48569,4.63261,3.80481,3.42608,3.3218
1,0,0,91.4928081873,-0.337045,0.7798757733,6.68585,6.94704,7.7813,9.5857,13.6946,20.3076,27.2147,41.7232,90.8461,155.154,32.9151,17.7226,12.1893,9.34322,6.47744,4.62527,3.79808,3.41955,3.31508
1,0,0,91.8699825391,-0.338388,0.7627042281,6.69253,6.95342,7.78773,9.59237,13.701,20.3105,27.2098,41.6882,90.5695,154.459,32.946,17.7146,12.1775,9.33166,6.46758,4.61725,3.79102,3.41288,3.30835
1,0,0,92.2966363276,-0.339764,0.7629047634,6.69942,6.96058,7.79575,9.60227,13.7152,20.3316,27.2382,41.7319,90.6669,153.896,32.8763,17.6774,12.152,9.31217,6.45408,4.60763,3.78313,3.40578,3.30147
1,0,0,92.5977770853,-0.341171,0.7539265147,6.70644,6.96758,7.80321,9.61081,13.7257,20.3438,27.25,41.7355,90.5705,153.261,32.8572,17.6543,12.1328,9.29616,6.44203,4.59851,3.7754,3.39866,3.29443
1,0,0,92.5890045262,-0.342587,0.7418084574,6.7135,6.97452,7.81047,9.61886,13.735,20.353,27.256,41.7254,90.4086,152.601,32.8556,17.636,12.1158,9.28137,6.43047,4.58957,3.76773,3.39154,3.28734
1,0,0,92.6144972304,-0.344031,0.7508325426,6.72073,6.98233,7.8196,9.63076,13.7537,20.3841,27.3022,41.8107,90.6977,152.104,32.7322,17.5827,12.0825,9.25714,6.41465,4.57879,3.75912,3.38396,3.28013
1,0,0,93.0099043463,-0.345474,0.7530785372,6.72795,6.98991,7.82818,9.64149,13.7694,20.4082,27.3358,41.8657,90.8431,151.553,32.6474,17.5404,12.0542,9.23581,6.40011,4.56854,3.75077,3.37648,3.27291
1,0,0,93.6889435203,-0.346939,0.6967625155,6.73519,6.99558,7.83212,9.64227,13.7602,20.3731,27.26,41.6597,89.754,150.558,32.8953,17.5922,12.0693,9.23911,6.39636,4.56269,3.74444,3.36976,3.26555
1,0,0,94.4354380328,-0.348416,0.6099823279,6.74246,7.00028,7.83368,9.63789,13.7383,20.3077,27.1288,41.3234,88.0796,149.339,33.3269,17.6943,12.1073,9.25533,6.39822,4.55912,3.73915,3.36344,3.2581
1,0,0,95.150773501,-0.349893,0.5390667686,6.74976,7.00553,7.83653,9.63627,13.7232,20.2587,27.0282,41.0614,86.7771,148.242,33.6758,17.7716,12.1336,9.26485,6.39711,4.5543,3.73328,3.35689,3.25068
1,0,0,95.8037173442,-0.351349,0.5176404389,6.75702,7.01236,7.84325,9.64299,13.7289,20.2591,27.0181,41.0136,86.4563,147.507,33.7304,17.7675,12.1227,9.25334,6.38683,4.54577,3.72571,3.34969,3.24339
1,0,0,96.432335521,-0.352762,0.5318572407,6.7641,7.02017,7.8526,9.65551,13.7493,20.2945,27.0724,41.1176,86.8215,147.027,33.5707,17.7052,12.0855,9.22706,6.37024,4.53477,3.71707,3.34218,3.23633
1,0,0,96.6836875726,-0.35412,0.5338425394,6.77089,7.02729,7.86064,9.66555,13.7639,20.3169,27.1032,41.1674,86.9472,146.455,33.4883,17.6647,12.0587,9.20685,6.3565,4.5251,3.7092,3.33514,3.22954
1,0,0,96.7854326556,-0.355447,0.5446702958,6.77754,7.03455,7.86922,9.67689,13.782,20.3477,27.1497,41.2545,87.2436,145.945,33.3544,17.6105,12.0257,9.18329,6.3414,4.51496,3.70118,3.32812,3.22291
1,0,0,97.1561860911,-0.356747,0.5730036318,6.78408,7.04226,7.87907,9.69106,13.8073,20.3957,27.2279,41.4171,87.885,145.559,33.1184,17.5284,11.9801,9.1527,6.32331,4.50367,3.69268,3.32099,3.21642
1,0,0,97.8295233661,-0.358023,0.5552385024,6.79043,7.04828,7.88504,9.6971,13.8127,20.397,27.2207,41.3788,87.6167,144.837,33.1581,17.5228,11.9697,9.1421,6.31409,4.4961,3.68601,3.31467,3.21004
1,0,0,98.5699707813,-0.359299,0.4986308452,6.79675,7.05296,7.88785,9.69645,13.8015,20.3592,27.1422,41.1731,86.5984,143.836,33.4319,17.5812,11.9885,9.14804,6.31211,4.49152,3.68074,3.30892,3.20363
1,0,0,99.2198925761,-0.360568,0.4385642417,6.80304,7.0575,7.89034,9.69516,13.7889,20.3181,27.0579,40.9551,85.5402,142.812,33.733,17.6462,12.0101,9.15559,6.31084,4.48725,3.67563,3.30326,3.19725
1,0,0,99.7432720108,-0.361795,0.406535328,6.80915,7.06278,7.89487,9.6984,13.7877,20.3044,27.0241,40.8564,85.0216,141.984,33.8671,17.666,12.0114,9.15176,6.30473,4.48111,3.66974,3.29741,3.19111
1,0,0,100.2411237585,-0.362961,0.3921500767,6.81496,7.06833,7.90046,9.70423,13.7934,20.3075,27.0212,40.8307,84.8293,141.278,33.8952,17.6578,12.0004,9.14121,6.2959,4.47403,3.66356,3.2916,3.18527
1,0,0,100.6145118753,-0.364062,0.3801603619,6.82046,7.07364,7.90588,9.71002,13.7995,20.312,27.0214,40.8133,84.678,140.585,33.9118,17.6474,11.9888,9.13054,6.28726,4.46721,3.65766,3.28608,3.17976
1,0,0,100.9758633799,-0.365125,0.4003244655,6.82579,7.07983,7.91367,9.72105,13.8188,20.3479,27.0789,40.93,85.1147,140.111,33.7291,17.5842,11.9535,9.10667,6.27299,4.45821,3.65082,3.2803,3.17445
1,0,0,101.6028973227,-0.366165,0.4124150209,6.831,7.08564,7.92068,9.73054,13.8345,20.3755,27.1216,41.0124,85.4035,139.577,33.5988,17.5352,11.9247,9.08658,6.26046,4.44997,3.6444,3.27474,3.16926
1,0,0,102.1695497692,-0.367175,0.4090574883,6.83605,7.09076,7.92626,9.73715,13.8433,20.3872,27.1355,41.0285,85.4043,138.933,33.566,17.5128,11.9083,9.07353,6.25111,4.44314,3.63871,3.26957,3.1642
1,0,0,102.6568227079,-0.368182,0.4105637943,6.84109,7.09604,7.93222,9.74459,13.8541,20.4037,27.1582,41.0651,85.4952,138.319,33.5033,17.4825,11.8882,9.05845,6.24088,4.43595,3.63286,3.26435,3.15917
1,0,0,103.1004666893,-0.369156,0.4165575058,6.84596,7.10129,7.93836,9.75255,13.8665,20.4242,27.1885,41.1198,85.6677,137.732,33.4148,17.4456,11.8653,9.04195,6.23015,4.42866,3.62705,3.25923,3.1543
1,0,0,103.5405330661,-0.370129,0.4281604741,6.85084,7.10674,7.94494,9.7615,13.8813,20.4504,27.229,41.1984,85.9457,137.18,33.2921,17.3995,11.8383,9.02309,6.21839,4.42094,3.62104,3.25403,3.14944
1,0,0,104.052443645,-0.371103,0.4430103942,6.85572,7.1123,7.9518,9.771,13.8976,20.4799,27.2755,41.2912,86.2865,136.646,33.1502,17.3482,11.809,9.00288,6.20605,4.41298,3.61491,3.24878,3.14458
1,0,0,104.3758479943,-0.372076,0.4578964107,6.8606,7.11786,7.95866,9.78052,13.9138,20.5094,27.3222,41.3844,86.6301,136.108,33.0089,17.2969,11.7796,8.98268,6.1937,4.40503,3.60878,3.24353,3.13972
1,0,0,104.9034806493,-0.37305,0.494085571,6.8655,7.12416,7.96727,9.79375,13.9392,20.5605,27.4084,41.5699,87.3864,135.71,32.7413,17.2112,11.7345,8.9536,6.17746,4.39547,3.6019,3.23797,3.13487
1,0,0,105.5490302527,-0.374048,0.5128361878,6.87051,7.12998,7.9746,9.80413,13.9574,20.5945,27.463,41.6816,87.8146,135.191,32.5783,17.1535,11.702,8.93153,6.16421,4.38706,3.5955,3.23254,3.12989
1,0,0,106.0764290162,-0.375079,0.5228079452,6.87568,7.13568,7.9814,9.81323,13.9722,20.6201,27.5022,41.7564,88.0758,134.609,32.4661,17.1092,11.6754,8.91266,6.15223,4.37908,3.58922,3.22707,3.12473
1,0,0,106.5495980949,-0.376144,0.528744361,6.88101,7.14141,7.98807,9.82187,13.9856,20.6421,27.5345,41.8147,88.2608,133.997,32.3761,17.0705,11.6512,8.89501,6.14067,4.37117,3.5829,3.22149,3.11941
1,0,0,106.9970566241,-0.377237,0.5366924315,6.88649,7.14736,7.99507,9.83105,14.0001,20.6666,27.5712,41.8827,88.4879,133.395,32.2731,17.0279,11.625,8.87615,6.12847,4.36292,3.57634,3.21573,3.11395
1,0,0,107.4767163487,-0.378354,0.5503591938,6.89209,7.15363,8.00268,9.84142,14.0174,20.6974,27.6191,41.9767,88.8311,132.829,32.1362,16.9756,11.5942,8.85459,6.11501,4.35408,3.56945,3.20976,3.10837
1,0,0,107.9740141745,-0.379501,0.5608655209,6.89784,7.15995,8.01021,9.85145,14.0336,20.7254,27.6618,42.058,89.1151,132.238,32.0164,16.9276,11.5652,8.83392,6.10182,4.34526,3.56249,3.20369,3.10264
1,0,0,108.4102048387,-0.380676,0.5832595763,6.90374,7.16683,8.01888,9.86378,14.0553,20.766,27.7274,42.193,89.6423,131.721,31.8281,16.8602,11.5271,8.80802,6.08624,4.33537,3.55496,3.1973,3.09678
1,0,0,109.0354534633,-0.381879,0.597789786,6.90977,7.17357,8.02707,9.87492,14.0739,20.7991,27.779,42.2945,90.0158,131.15,31.6841,16.8047,11.4943,8.78499,6.07182,4.32588,3.54755,3.19088,3.09078
1,0,0,109.5694637336,-0.383124,0.6026885751,6.916,7.18021,8.03471,9.88468,14.0887,20.8228,27.8133,42.3544,90.1971,130.512,31.5927,16.7632,11.4676,8.7653,6.05871,4.31681,3.54023,3.18439,3.08455
1,0,0,110.058319006,-0.384402,0.6048543556,6.9224,7.18692,8.04232,9.8942,14.1027,20.8443,27.8431,42.4033,90.3249,129.853,31.5151,16.725,11.4423,8.74625,6.04577,4.3077,3.53282,3.17776,3.07816
1,0,0,110.5112458347,-0.385712,0.6075415276,6.92895,7.19381,8.05014,9.90403,14.1172,20.8668,27.8745,42.4554,90.4656,129.195,31.433,16.6853,11.416,8.72656,6.03243,4.29834,3.52521,3.17096,3.07161
1,0,0,110.982736414,-0.387051,0.6155686664,6.93566,7.20105,8.0586,9.91503,14.1343,20.8953,27.9167,42.5325,90.7186,128.569,31.3198,16.6365,11.3854,8.70428,6.01785,4.28838,3.51725,3.16393,3.06492
1,0,0,111.5563165406,-0.388412,0.6221118444,6.94247,7.20835,8.06705,9.92592,14.1511,20.9226,27.9566,42.6037,90.9429,127.93,31.214,16.5894,11.3555,8.68232,6.00333,4.27838,3.50921,3.15681,3.05812
1,0,0,111.9982863599,-0.389795,0.6268673941,6.94939,7.21569,8.07548,9.93664,14.1673,20.9484,27.9935,42.6675,91.1323,127.276,31.1172,16.5446,11.3265,8.66078,5.98892,4.26836,3.50112,3.14961,3.05121
1,0,0,112.5921385112,-0.391205,0.6274747293,6.95644,7.22303,8.08372,9.94683,14.1819,20.9703,28.023,42.7136,91.2375,126.593,31.0419,16.5054,11.2999,8.64053,5.97497,4.25845,3.493,3.14232,3.04416
1,0,0,113.1205090495,-0.392642,0.6247703685,6.96362,7.2304,8.09185,9.95663,14.1954,20.9891,28.0468,42.7455,91.2754,125.886,30.9835,16.4706,11.2751,8.62121,5.96134,4.24859,3.48485,3.13494,3.03697
1,0,0,113.6090028895,-0.394089,0.6228738782,6.97086,7.23784,8.10009,9.96663,14.2093,21.0089,28.0723,42.7813,91.3306,125.181,30.9201,16.4343,11.2496,8.60143,5.94748,4.23861,3.47662,3.1275,3.02974
1,0,0,114.0634886574,-0.395566,0.6226275064,6.97824,7.2455,8.10865,9.97715,14.2242,21.0309,28.1016,42.8255,91.4222,124.484,30.8461,16.3946,11.2223,8.58056,5.93302,4.2283,3.46815,3.11988,3.02235
1,0,0,114.5363222069,-0.397043,0.6250453883,6.98563,7.25326,8.11744,9.98814,14.2403,21.0557,28.1359,42.8818,91.5695,123.801,30.7575,16.3509,11.1932,8.55864,5.9181,4.21779,3.45959,3.11222,3.01497
1,0,0,115.1161192093,-0.398538,0.6260366053,6.99311,7.26106,8.12621,9.99901,14.256,21.0793,28.168,42.9322,91.6883,123.106,30.6758,16.3088,11.1648,8.53702,5.90325,4.20726,3.45098,3.10449,3.00749
1,0,0,115.6089005534,-0.400049,0.6256240757,7.00066,7.26889,8.13495,10.0097,14.2712,21.1016,28.1976,42.9767,91.7787,122.399,30.601,16.2685,11.137,8.51574,5.8885,4.19672,3.44232,3.0967,2.99993
1,0,0,116.1777578147,-0.401559,0.6247302615,7.00821,7.2767,8.14366,10.0204,14.2862,21.1235,28.2263,43.019,91.7916,121.685,30.5288,16.2288,11.1096,8.49465,5.87383,4.18622,3.43369,3.08892,2.99238
1,0,0,116.687111873,-0.403098,0.62407136,7.0159,7.28466,8.15254,10.0313,14.3016,21.146,28.256,43.0632,91.7001,120.971,30.4539,16.1881,11.0815,8.47308,5.85884,4.17551,3.42488,3.08099,2.98469
1,0,0,117.1689851543,-0.404642,0.6238937431,7.02362,7.29267,8.1615,10.0423,14.3173,21.1691,28.2868,43.1098,91.542,120.256,30.3761,16.1465,11.0529,8.45122,5.84372,4.16472,3.41603,3.07302,2.97697
1,0,0,117.6168371866,-0.406186,0.62407136,7.03135,7.30069,8.17048,10.0533,14.3331,21.1925,28.3182,43.158,91.3339,119.54,30.2963,16.1044,11.0241,8.42923,5.82853,4.1539,3.40716,3.06504,2.96925
1,0,0,118.1007443094,-0.40773,0.6225873993,7.03907,7.30866,8.17933,10.0641,14.3482,21.2142,28.3465,43.1986,91.0641,118.811,30.2255,16.0647,10.9965,8.40789,5.81363,4.14321,3.39835,3.05709,2.96152
1,0,0,118.6789784122,-0.409305,0.6205190217,7.04694,7.31676,8.1883,10.075,14.3633,21.2358,28.3742,43.2375,90.7572,118.077,30.1562,16.0251,10.9687,8.38634,5.79852,4.13234,3.38939,3.04899,2.95365
1,0,0,119.2116088863,-0.410883,0.6196882329,7.05483,7.32492,8.1974,10.0861,14.379,21.2587,28.4043,43.2821,90.4364,117.346,30.0801,15.9835,10.9399,8.36427,5.78318,4.12136,3.38036,3.04086,2.94576
1,0,0,119.75474655,-0.41246,0.6213268922,7.06272,7.33317,8.20671,10.0977,14.3958,21.2842,28.4393,43.338,90.1148,116.626,29.9908,15.9383,10.9095,8.34123,5.76741,4.1102,3.37125,3.0327,2.93787
1,0,0,120.2467895813,-0.414038,0.6229827402,7.07061,7.34142,8.21601,10.1093,14.4127,21.3097,28.4742,43.394,89.77,115.903,29.9015,15.893,10.8791,8.31819,5.75164,4.09905,3.36215,3.02453,2.92998
1,0,0,120.7078082269,-0.415625,0.6243349206,7.07855,7.34971,8.22535,10.1209,14.4294,21.335,28.5088,43.4489,89.4024,115.175,29.8133,15.848,10.8487,8.29515,5.73584,4.08785,3.353,3.01632,2.92205
1,0,0,121.1511296966,-0.417236,0.6228280416,7.0866,7.35802,8.23458,10.1321,14.4452,21.3577,28.5383,43.4914,88.9947,114.428,29.7391,15.8065,10.8198,8.27285,5.72027,4.07669,3.3438,3.00802,2.91399
1,0,0,121.662811453,-0.418848,0.6155342889,7.09465,7.36613,8.24333,10.1423,14.4583,21.3743,28.5566,43.5073,88.5281,113.646,29.6952,15.7735,10.7948,8.25277,5.70568,4.06592,3.33479,2.9998,2.90593
1,0,0,122.2469889799,-0.420459,0.6123142661,7.1027,7.37437,8.25241,10.1532,14.4733,21.3951,28.5828,43.5419,88.0817,112.883,29.6299,15.7345,10.7671,8.23112,5.69041,4.05487,3.32565,2.99153,2.89787
1,0,0,122.7929900558,-0.42207,0.6134028859,7.11076,7.38278,8.26187,10.165,14.4902,21.4206,28.6173,43.5963,87.6545,112.142,29.5418,15.6891,10.7364,8.20782,5.6744,4.04352,3.31637,2.9832,2.88981
1,0,0,123.3016502381,-0.423682,0.6168520918,7.11882,7.39127,8.27152,10.1771,14.5082,21.4485,28.6565,43.6616,87.2306,111.409,29.4414,15.6404,10.7042,8.18362,5.65801,4.03201,3.30701,2.97483,2.88176
1,0,0,123.7686612762,-0.425296,0.6195335343,7.1269,7.39975,8.28113,10.1891,14.5259,21.4757,28.6942,43.7235,86.7885,110.67,29.3449,15.5927,10.6724,8.15968,5.64171,4.02053,3.29766,2.96647,2.87369
1,0,0,124.2073371373,-0.426941,0.6198257428,7.13512,7.4083,8.29071,10.2009,14.5427,21.5008,28.7279,43.7753,86.32,109.914,29.2594,15.5476,10.6416,8.13622,5.62552,4.00901,3.28821,2.95797,2.86546
1,0,0,124.6583278442,-0.428586,0.6108589533,7.14333,7.41651,8.2995,10.2111,14.5555,21.516,28.7435,43.7843,85.7842,109.106,29.2219,15.516,10.617,8.11624,5.61085,3.99811,3.27906,2.9496,2.85723
1,0,0,125.2704459363,-0.430231,0.5961797746,7.15154,7.42452,8.3078,10.2202,14.5656,21.5251,28.7478,43.7669,85.2078,108.265,29.214,15.4925,10.5962,8.09839,5.59712,3.9876,3.2701,2.9413,2.849
1,0,0,125.8063775245,-0.431876,0.5894246022,7.15976,7.43282,8.31677,10.2307,14.5793,21.5426,28.7677,43.7861,84.6732,107.463,29.1647,15.4575,10.5701,8.07755,5.58208,3.97655,3.26087,2.9329,2.84077
1,0,0,126.3182351927,-0.43352,0.5905017628,7.16798,7.44139,8.32642,10.2426,14.5965,21.5685,28.8029,43.8414,84.1765,106.699,29.0747,15.4112,10.5388,8.05376,5.56574,3.96496,3.2514,2.92439,2.83255
1,0,0,126.7883276397,-0.435165,0.5933149856,7.17621,7.45003,8.33622,10.2549,14.6146,21.5963,28.8414,43.9047,83.6805,105.942,28.9758,15.3624,10.5063,8.02932,5.54912,3.95326,3.24187,2.91586,2.82432
1,0,0,127.2286053323,-0.43681,0.5943806871,7.18444,7.45861,8.34586,10.2668,14.6318,21.6222,28.8766,43.9599,83.1661,105.172,28.8859,15.3161,10.475,8.00554,5.53278,3.94167,3.23239,2.90736,2.8161
1,0,0,127.6568367207,-0.438455,0.5855743258,7.19265,7.46683,8.35466,10.277,14.6445,21.6375,28.8923,43.9695,82.5924,104.349,28.8468,15.284,10.4502,7.98543,5.51806,3.93075,3.22323,2.89898,2.80787
1,0,0,128.2302552101,-0.4401,0.5614631158,7.20085,7.47449,8.36213,10.2843,14.6504,21.6364,28.8781,43.9083,81.9358,103.445,28.8866,15.2736,10.4353,7.97097,5.50581,3.92086,3.21455,2.8908,2.79963
1,0,0,128.790067463,-0.441718,0.5452942469,7.20891,7.4823,8.37013,10.2929,14.6595,21.6434,28.8789,43.8831,81.3163,102.579,28.8869,15.2526,10.4157,7.95393,5.49253,3.91061,3.20578,2.88266,2.79154
1,0,0,129.2968332172,-0.443317,0.5425835835,7.21691,7.4905,8.37918,10.3038,14.6745,21.6645,28.9056,43.9193,80.7585,101.778,28.8181,15.2127,10.3876,7.93215,5.47724,3.89959,3.19668,2.87444,2.78354
1,0,0,129.7637528195,-0.444894,0.545672972,7.2248,7.4988,8.38861,10.3157,14.692,21.6915,28.9433,43.9816,80.2213,101.004,28.7205,15.1652,10.3562,7.90852,5.46122,3.88833,3.18752,2.86625,2.77565
1,0,0,130.2028584192,-0.446472,0.5471752673,7.23269,7.50704,8.3979,10.3272,14.7087,21.7168,28.9778,44.0365,79.6693,100.218,28.6311,15.12,10.3258,7.88549,5.44545,3.87718,3.17841,2.85809,2.76777
1,0,0,130.6307582455,-0.448032,0.538572879,7.24048,7.51482,8.40621,10.3367,14.7206,21.731,28.9922,44.0443,79.0649,99.3793,28.5947,15.0896,10.3023,7.86643,5.43149,3.86683,3.16973,2.85015,2.75996
1,0,0,131.1226879284,-0.449576,0.5103707504,7.24817,7.52181,8.41273,10.3426,14.7235,21.7239,28.9678,43.9614,78.3698,98.4433,28.6602,15.0873,10.2917,7.85474,5.42082,3.85788,3.16174,2.84253,2.75223
1,0,0,131.7366129371,-0.451117,0.4888498826,7.25585,7.52902,8.41981,10.3496,14.7294,21.7239,28.9565,43.9095,77.7021,97.538,28.6916,15.0755,10.2768,7.84062,5.40909,3.84849,3.15356,2.83485,2.74452
1,0,0,132.2312681689,-0.452621,0.4840553718,7.26337,7.53665,8.42812,10.3595,14.7425,21.7413,28.9772,43.9331,77.1019,96.7104,28.6379,15.041,10.2517,7.82088,5.39503,3.83826,3.14506,2.82714,2.73699
1,0,0,132.6903011142,-0.454099,0.4878368933,7.27076,7.54445,8.43702,10.3707,14.7592,21.7675,29.014,43.9951,76.5315,95.9204,28.5411,14.9951,10.2216,7.7984,5.37987,3.82766,3.13646,2.81946,2.72961
1,0,0,133.1274146756,-0.455551,0.489360961,7.27802,7.55205,8.44558,10.3813,14.7746,21.7909,29.046,44.046,75.945,95.1163,28.4572,14.953,10.1934,7.7771,5.36531,3.81737,3.12807,2.81194,2.72234
1,0,0,133.5493311477,-0.456995,0.479558799,7.28523,7.55918,8.45311,10.3898,14.7848,21.802,29.0556,44.0447,75.3081,94.2566,28.4324,14.9272,10.1727,7.76003,5.35264,3.80789,3.12007,2.80461,2.71512
1,0,0,134.0258924765,-0.458438,0.4509739346,7.29242,7.56562,8.459,10.3949,14.7864,21.7929,29.0285,43.9576,74.5956,93.3088,28.5051,14.9278,10.1639,7.74976,5.34295,3.79963,3.11266,2.79752,2.70789
1,0,0,134.6418636249,-0.459854,0.4293871767,7.29948,7.57218,8.46534,10.401,14.7909,21.7909,29.0145,43.902,73.9075,92.3913,28.5432,14.9192,10.1512,7.73731,5.33239,3.7911,3.10519,2.79048,2.70081
1,0,0,135.1231946502,-0.461224,0.4256016446,7.30632,7.57915,8.47295,10.41,14.8031,21.8073,29.0344,43.9259,73.2819,91.5517,28.4906,14.8867,10.1279,7.71905,5.31946,3.78173,3.09742,2.78344,2.69395
1,0,0,135.5716178606,-0.462567,0.4300775909,7.31304,7.58628,8.48113,10.4204,14.8187,21.8322,29.0698,43.9867,72.6808,90.7461,28.3963,14.8433,10.0998,7.6982,5.3055,3.77202,3.08957,2.77645,2.68724
1,0,0,136.0014919184,-0.463879,0.4285747226,7.3196,7.59303,8.48861,10.4295,14.8314,21.8501,29.0929,44.0193,72.0522,89.9104,28.3348,14.8092,10.0761,7.67994,5.29278,3.7629,3.08207,2.76969,2.68068
1,0,0,136.4142050961,-0.465189,0.4154259141,7.32614,7.59934,8.49505,10.4364,14.8386,21.8556,29.0933,43.9988,71.3791,89.0213,28.334,14.7915,10.0598,7.66591,5.28192,3.75456,3.07494,2.76309,2.67413
1,0,0,136.9699411014,-0.466479,0.3851284789,7.33256,7.60493,8.4999,10.44,14.8379,21.8424,29.0599,43.9001,70.6452,88.0564,28.4241,14.7983,10.0548,7.65829,5.27392,3.74745,3.06844,2.7568,2.66766
1,0,0,137.5084722315,-0.467737,0.3683860792,7.33884,7.61083,8.50573,10.4458,14.843,21.8432,29.0522,43.8621,69.9539,87.1478,28.4453,14.787,10.0418,7.64626,5.26412,3.7397,3.06172,2.75052,2.66137
1,0,0,137.9790161617,-0.46893,0.3658100609,7.3448,7.61693,8.51242,10.4539,14.8539,21.8582,29.0708,43.8861,69.3046,86.2968,28.3952,14.7575,10.0209,7.63004,5.25272,3.73148,3.05493,2.74438,2.6554
1,0,0,138.4418901912,-0.470084,0.366256968,7.35057,7.62293,8.51915,10.4622,14.8657,21.8758,29.0945,43.9226,68.6599,85.4553,28.3311,14.7248,9.99887,7.6133,5.24124,3.72335,3.04829,2.73841,2.64964
1,0,0,138.8669026975,-0.471225,0.3607542813,7.35627,7.62864,8.52528,10.4693,14.8748,21.8869,29.1064,43.9318,67.992,84.5866,28.299,14.7008,9.98082,7.59887,5.23081,3.71568,3.04189,2.73258,2.64393
1,0,0,139.4115965387,-0.472348,0.3531327967,7.36188,7.63419,8.53112,10.4758,14.8826,21.8955,29.1138,43.931,67.3136,83.7064,28.279,14.6803,9.96444,7.58545,5.22089,3.70828,3.03566,2.72688,2.63831
1,0,0,139.8942909512,-0.473456,0.3541944875,7.36742,7.63997,8.53764,10.4839,14.8943,21.9131,29.1378,43.9688,66.6565,82.8589,28.2141,14.648,9.94285,7.56915,5.20976,3.70042,3.02925,2.72114,2.63277
1,0,0,140.352849176,-0.474536,0.3585300592,7.37283,7.64573,8.54427,10.4924,14.9072,21.9338,29.1676,44.0206,66.0038,82.0215,28.1335,14.6119,9.91972,7.55208,5.1984,3.69256,3.02291,2.7155,2.62737
1,0,0,140.7864368913,-0.47561,0.358409738,7.3782,7.6513,8.55049,10.5,14.918,21.9496,29.1886,44.0522,65.3337,81.1635,28.0766,14.5822,9.89952,7.53668,5.18779,3.68502,3.01673,2.70995,2.622
1,0,0,141.2344929771,-0.476685,0.348553718,7.38356,7.6565,8.55585,10.5058,14.9244,21.955,29.1906,44.0396,64.6326,80.2646,28.0705,14.566,9.88543,7.52473,5.17868,3.67809,3.01084,2.70452,2.61663
1,0,0,141.7425591746,-0.477759,0.3420563767,7.38893,7.66184,8.56151,10.5123,14.9323,21.964,29.1992,44.0423,63.9372,79.3768,28.0469,14.5451,9.86922,7.51158,5.16905,3.67095,3.00486,2.69905,2.61125
1,0,0,142.1700500133,-0.478833,0.3467254097,7.3943,7.66758,8.56814,10.5208,14.9453,21.985,29.2295,44.0954,63.2675,78.5298,27.9648,14.5087,9.84599,7.49448,5.1577,3.66311,2.99854,2.69344,2.60588
1,0,0,142.5923504752,-0.479907,0.3521054834,7.39968,7.67334,8.57483,10.5294,14.9586,22.0068,29.2613,44.1519,62.595,77.6826,27.8792,14.4714,9.82233,7.47714,5.14625,3.65522,2.9922,2.68782,2.60051
1,0,0,142.9956276908,-0.480981,0.343123797,7.40504,7.67858,8.58027,10.5354,14.9653,22.0131,29.2649,44.1432,61.8819,76.7786,27.8683,14.4539,9.80764,7.46485,5.13699,3.64823,2.98628,2.68238,2.59514
1,0,0,143.4468156573,-0.482056,0.3102967531,7.41039,7.68295,8.58362,10.5369,14.9611,21.9938,29.2222,44.027,61.1075,75.7847,27.982,14.4694,9.80783,7.46093,5.13138,3.64274,2.98108,2.67723,2.58976
1,0,0,143.9072530913,-0.483102,0.2965560793,7.41561,7.68787,8.58848,10.5418,14.9654,21.9946,29.2161,43.9963,60.3775,74.8601,27.9977,14.4592,9.79659,7.45068,5.12312,3.63625,2.97546,2.67199,2.58452
1,0,0,144.3109153232,-0.484119,0.3019149535,7.4207,7.69333,8.59483,10.55,14.9781,22.0154,29.2465,44.0505,59.6893,74.0028,27.9145,14.4234,9.77398,7.43416,5.11223,3.62876,2.96945,2.66667,2.57944
1,0,0,144.3911730541,-0.485126,0.3038022765,7.42573,7.69862,8.60083,10.5576,14.9891,22.0324,29.2701,44.0889,58.9892,73.1307,27.8501,14.3926,9.75373,7.41898,5.10196,3.62156,2.9636,2.66144,2.57441
1,0,0,144.254252583,-0.486124,0.3042818422,7.43072,7.70381,8.60665,10.5647,14.9994,22.0477,29.2906,44.0955,58.2841,72.2539,27.7936,14.3641,9.73453,7.40444,5.092,3.61451,2.95784,2.65628,2.56942
1,0,0,144.1085476671,-0.487097,0.304867405,7.43559,7.70888,8.61234,10.5718,15.0095,22.0628,29.311,44.0191,57.5778,71.3778,27.7379,14.336,9.71573,7.3902,5.08226,3.60763,2.95222,2.65124,2.56455
1,0,0,143.97488748,-0.487982,0.3060809297,7.44002,7.71351,8.61757,10.5783,15.019,22.0772,29.3308,43.8941,56.9371,70.5844,27.6838,14.3096,9.69821,7.37703,5.07331,3.60133,2.94709,2.64665,2.56013
1,0,0,143.8549316978,-0.488867,0.3079590853,7.44444,7.71817,8.62286,10.5849,15.0288,22.0923,29.3519,43.7269,56.2981,69.7938,27.6262,14.2823,9.68029,7.36363,5.06425,3.59498,2.94194,2.64205,2.5557
1,0,0,143.7307983324,-0.489752,0.3093840313,7.44887,7.72281,8.62811,10.5915,15.0384,22.107,29.3721,43.5215,55.6586,69.0021,27.5709,14.2557,9.66265,7.35038,5.05527,3.58867,2.9368,2.63746,2.55128
1,0,0,143.5917321816,-0.490637,0.3099346438,7.4533,7.72742,8.63329,10.5979,15.0476,22.1207,29.3907,43.2826,55.0178,68.2079,27.5203,14.2302,9.64555,7.33744,5.04642,3.58241,2.93169,2.63288,2.54685
1,0,0,143.4478234747,-0.491522,0.3102801373,7.45772,7.73202,8.63844,10.6042,15.0567,22.1342,29.4088,43.0167,54.3769,67.4137,27.4707,14.205,9.62858,7.32458,5.0376,3.57617,2.92659,2.6283,2.54243
1,0,0,143.4870703599,-0.492407,0.3202054852,7.46215,7.73698,8.64444,10.6124,15.0702,22.1581,29.4457,42.7527,53.7558,66.6509,27.3718,14.1668,9.60574,7.30841,5.02734,3.56933,2.92121,2.62361,2.538
1,0,0,143.7414059306,-0.493292,0.3264197855,7.46658,7.74179,8.65012,10.6198,15.082,22.178,29.4754,42.456,53.1257,65.874,27.2923,14.1336,9.5852,7.29353,5.01765,3.56273,2.91593,2.61896,2.53358
1,0,0,143.7763381966,-0.494177,0.2997526108,7.47099,7.74539,8.65289,10.6211,15.0786,22.1623,29.4405,42.0615,52.429,64.9914,27.3814,14.1451,9.58474,7.28995,5.01287,3.55814,2.91161,2.6147,2.52915
1,0,0,143.7014196272,-0.495062,0.2521002839,7.47538,7.74822,8.65381,10.6185,15.0656,22.124,29.3649,41.6082,51.6926,64.0457,27.5807,14.1853,9.59714,7.2936,5.01123,3.55484,2.9079,2.6107,2.52471
1,0,0,143.6094512092,-0.495947,0.2037460838,7.47978,7.75103,8.65468,10.6158,15.0523,22.0852,29.2884,41.1471,50.9579,63.1026,27.7875,14.2268,9.61008,7.29751,5.0097,3.55158,2.90421,2.6067,2.52028
1,0,0,143.9968295414,-0.496832,0.219680613,7.48422,7.7562,8.6612,10.625,15.0685,22.1154,29.3366,40.815,50.347,62.3568,27.6543,14.1799,9.58339,7.27919,4.99852,3.54437,2.89864,2.60193,2.51586
1,0,0,144.5030312793,-0.497717,0.2640716641,7.48867,7.76242,8.67024,10.6396,15.0979,22.1762,29.4404,40.5228,49.7867,61.6923,27.3735,14.0944,9.53937,7.25114,4.9831,3.53542,2.89227,2.59683,2.51144
1,0,0,144.5671272388,-0.498602,0.2580372726,7.49309,7.76679,8.67483,10.6448,15.104,22.1828,29.446,40.1132,49.1292,60.8736,27.3565,14.0778,9.52624,7.24043,4.97522,3.52956,2.88734,2.59232,2.50701
1,0,0,144.4674322568,-0.499487,0.2474043219,7.49751,7.77098,8.67901,10.6491,15.108,22.1844,29.4426,39.6849,48.4637,60.0421,27.3634,14.0673,9.5159,7.23129,4.96802,3.52398,2.88255,2.58787,2.50259
1,0,0,144.3846924891,-0.500372,0.237465223,7.50193,7.7752,8.68326,10.6535,15.1123,22.1868,29.4406,39.2492,47.8003,59.2139,27.3667,14.0559,9.50513,7.22189,4.96071,3.51835,2.87774,2.58342,2.49816
0,0,0,144.379120039,-0.501257,0.2321607797,7.50635,7.77959,8.68791,10.6588,15.1188,22.1942,29.4476,38.8134,47.1459,58.4,27.3459,14.0382,9.49151,7.21091,4.95271,3.51244,2.8728,2.5789,2.49373
0,0,0,144.3486403775,-0.502142,0.2493059688,7.51078,7.78481,8.69455,10.6683,15.1356,22.2258,29.4977,38.4066,46.5313,57.6492,27.2084,13.9901,9.46427,7.19228,4.94138,3.50517,2.86721,2.57412,2.48931
0,0,0,144.2907135196,-0.503027,0.2674481044,7.51522,7.79007,8.70128,10.678,15.1529,22.2585,29.5116,37.9911,45.9178,56.9003,27.0668,13.9409,9.43649,7.17334,4.92992,3.49784,2.86159,2.56933,2.48489
0,0,0,144.2403024785,-0.503912,0.28559024,7.51966,7.79533,8.70801,10.6877,15.1703,22.2913,29.4747,37.5658,45.3038,56.1503,26.9262,13.8918,9.40877,7.15443,4.91847,3.49051,2.85598,2.56455,2.48047
0,0,0,144.197285711,-0.504797,0.3037323757,7.52409,7.80059,8.71475,10.6974,15.1876,22.3241,29.3949,37.1314,44.6891,55.3993,26.8805,13.8428,9.38111,7.13555,4.90704,3.4832,2.85037,2.55976,2.47605
0,0,0,144.1970908739,-0.505682,0.321553082,7.52853,7.80585,8.72146,10.707,15.2049,22.3567,29.2779,36.6879,44.0733,54.6465,27.2118,13.7945,9.35372,7.11682,4.89567,3.4759,2.84477,2.55497,2.47163
0,0,0,144.441966297,-0.506567,0.300062581,7.53294,7.80963,8.72467,10.7093,15.2038,22.3464,29.0723,36.1803,43.391,53.788,99.9717,13.7982,9.34977,7.11128,4.89004,3.47097,2.84029,2.55065,2.4672
0,0,0,144.5513971488,-0.507452,0.227948394,7.53732,7.81154,8.72339,10.702,15.1792,22.2812,28.7744,35.5993,42.6275,52.8006,98.4177,13.8695,9.37615,7.12277,4.89181,3.46906,2.83723,2.54692,2.46276
0,0,0,144.8540415186,-0.508337,0.1680594075,7.54172,7.8139,8.7232,10.697,15.1605,22.2297,28.4782,35.0342,41.8868,51.8498,96.933,13.9253,9.39538,7.1302,4.89179,3.46643,2.83383,2.54305,2.45832
0,0,0,145.241070265,-0.509192,0.1874832497,7.546,7.81905,8.72986,10.7067,15.178,22.2632,28.2652,34.5676,41.2706,51.0977,95.9841,13.8749,9.36734,7.11124,4.88045,3.45924,2.82835,2.5384,2.45405
0,0,0,145.2951589382,-0.510025,0.2063742412,7.55017,7.82407,8.73636,10.7162,15.1951,22.2959,28.0292,34.0921,40.6515,50.3413,95.0257,13.8259,9.3401,7.09281,4.8694,3.45223,2.82302,2.53387,2.44989
0,0,0,145.2315678756,-0.510828,0.2174432128,7.55419,7.82864,8.74199,10.7239,15.2084,22.3066,27.7642,33.6002,40.0195,49.5645,94.0092,13.7885,9.31817,7.07748,4.85981,3.44592,2.81808,2.52959,2.44588
0,0,0,145.1879709713,-0.5116,0.2234088494,7.55806,7.83286,8.74698,10.7305,15.2189,22.2725,27.476,33.0963,39.3792,48.7747,92.953,13.7588,9.29991,7.06431,4.85128,3.44012,2.81347,2.52553,2.44202
0,0,0,145.141049293,-0.512347,0.2293360978,7.5618,7.83695,8.75184,10.737,15.2292,22.2033,27.1721,32.5869,38.7386,47.9843,91.8918,13.7298,9.28214,7.05151,4.84299,3.4345,2.80899,2.52159,2.43828
0,0,0,145.0896585556,-0.51308,0.2339277816,7.56546,7.84092,8.75648,10.743,15.2387,22.1019,26.8524,32.071,38.0958,47.1903,90.8166,13.7031,9.26547,7.03939,4.83505,3.42907,2.80465,2.51775,2.43462
0,0,-0.9322880372,145.0389064602,-0.513794,0.2369730522,7.56903,7.84474,8.76089,10.7487,15.2473,21.9717,26.5181,31.5487,37.4505,46.3926,89.7257,13.679,9.25008,7.02805,4.82752,3.42386,2.80045,2.51402,2.43105
0,0,-0.7,144.9691368283,-0.514777,0.3457490896,7.57402,7.8539,8.7763,10.7763,15.308,21.906,26.2726,31.1315,36.9564,45.8342,89.3695,13.5094,9.1675,6.97793,4.80213,3.41053,2.79176,2.50769,2.42616
0,0,-0.7,144.8190556124,-0.516562,0.7304295155,7.58343,7.87785,8.82152,10.8631,15.5093,22.0366,26.2644,30.9823,36.8568,45.9051,90.8178,12.9825,8.91585,6.82877,4.73032,3.37566,2.77096,2.49414,2.41739
0,0,0,144.5498213813,-0.519531,1.4444724381,7.60007,7.9217,8.90546,11.0262,15.8943,22.3903,26.5233,31.1469,37.2551,46.7864,94.0428,12.1075,8.48627,6.57097,4.60509,3.31492,2.73505,2.47118,2.40311
0,0,0,144.2948580597,-0.523965,2.4295072091,7.62668,7.98652,9.02768,11.2637,16.4526,22.9126,26.9841,31.6205,38.1304,48.4865,98.2889,11.0583,7.9463,6.23823,4.43845,3.23197,2.68509,2.43863,2.38231
0,0,0,144.1561420833,-0.529767,3.5553348991,7.66358,8.06825,9.17839,11.5559,17.0597,23.4991,27.5259,32.3101,39.3563,51.9642,17.4634,10.0312,7.38848,5.88329,4.25364,3.13658,2.62593,2.39886,2.3557
0,0,0,144.0953854291,-0.536206,4.5279823225,7.70508,8.14982,9.32334,11.8338,17.5403,23.9226,27.892,32.8912,40.4447,77.7244,14.2767,9.24435,6.93748,5.58603,4.09127,3.04838,2.56865,2.35825,2.32623
0,0,0,144.0139389953,-0.54346,5.2961468384,7.75039,8.22817,9.45543,12.0806,17.8728,24.1549,28.0642,33.2744,41.2456,82.8283,12.8767,8.65288,6.5808,5.34218,3.95066,2.96702,2.51266,2.31583,2.29249
0,0,0,143.9150907212,-0.551779,5.9464424768,7.80087,8.30792,9.58401,12.3148,18.1104,24.2709,28.1539,33.5442,41.8815,86.104,11.8669,8.15723,6.26892,5.12217,3.81771,2.88595,2.45422,2.26938,2.25323
0,0,0,143.8159527355,-0.561279,6.5008937351,7.85692,8.39026,9.71129,12.5403,18.2705,24.2943,28.1763,33.7171,42.3719,88.3903,11.0619,7.72314,5.98502,4.91606,3.68775,2.80291,2.39198,2.21796,2.2078
0,0,0,143.7221330906,-0.571841,6.9426441952,7.91726,8.473,9.83338,12.7346,18.3483,24.2183,28.1092,33.7578,42.6537,89.8475,10.4244,7.34622,5.72898,4.72479,3.56196,2.71883,2.32666,2.16214,2.15661
0,0,0,143.6069005383,-0.583627,7.2253988671,7.98152,8.55365,9.94414,12.8652,18.3288,24.0211,27.9071,33.5943,42.5999,90.3846,9.96466,7.0302,5.50392,4.5506,3.44137,2.63385,2.2579,2.10118,2.09853
0,0,0,143.4915009276,-0.59682,7.435903561,8.05181,8.63793,10.0551,12.9598,18.2617,23.7714,27.6501,33.3444,42.422,90.531,9.58032,6.72778,5.28207,4.3752,3.31632,2.54317,2.18301,2.0336,2.033
0,0,0,143.3933158363,-0.611279,7.630537324,8.12837,8.72844,10.1727,13.0341,18.1751,23.5188,27.3889,33.085,42.267,90.5882,9.22016,6.41712,5.05111,4.19089,3.18327,2.44559,2.10176,1.95979,1.96097
0,0,0,143.3100641131,-0.626758,7.7844910835,8.20944,8.8222,10.29,13.0813,18.0575,23.247,27.0983,32.778,42.0615,90.4407,8.92171,6.10996,4.81894,4.00348,3.04592,2.34341,2.01585,1.88111,1.88357
0,0,0,143.2224144427,-0.643179,7.837375088,8.29336,8.91472,10.3826,13.0883,17.8858,22.9175,26.723,32.3392,41.6032,89.8164,8.77041,5.83147,4.59682,3.82065,2.90844,2.23874,1.92643,1.79814,1.80093
1,0,0,143.1317442845,-0.66066,7.8113055084,8.38107,9.00783,10.4517,13.0642,17.675,22.5476,26.2875,31.8048,40.9349,88.8361,8.79525,5.58907,4.37635,3.63661,2.76758,2.1298,1.8324,1.71014,1.71259
1,0,0,142.3739412535,-0.678967,7.8119930577,8.47348,9.10718,10.5108,13.0338,17.469,22.2038,25.8868,31.3202,40.3749,87.9972,8.95694,5.35463,4.14217,3.44034,2.61823,2.01488,1.73353,1.61788,1.6202
1,0,0,141.9300996473,-0.697742,7.8330779046,8.56866,9.20326,10.5575,12.9937,17.2623,21.8789,25.5114,30.8717,39.9024,87.264,9.58404,5.13945,3.91889,3.237,2.46394,1.89651,1.63191,1.52319,1.52553
1,0,0,141.7900639282,-0.716968,7.8696326119,8.66646,9.28669,10.5913,12.9426,17.0517,21.5681,25.1547,30.4499,39.508,86.6082,106.322,4.95026,3.7139,3.04109,2.30532,1.77502,1.52771,1.42619,1.42862
1,0,0,141.7179736238,-0.736704,7.8616684985,8.76591,9.35441,10.6061,12.8692,16.8167,21.2353,24.7653,29.9765,38.9926,85.7572,105.363,4.81502,3.53952,2.86866,2.1499,1.65142,1.42126,1.32677,1.32897
1,0,0,141.6466785029,-0.756915,7.8594339631,8.86146,9.4097,10.6082,12.7843,16.5756,20.9107,24.3864,29.5172,38.5235,84.94,104.428,4.72753,3.39113,2.71683,2.01021,1.52861,1.3122,1.22492,1.22695
1,0,0,141.5778912233,-0.777168,7.3684664285,8.94509,9.4531,10.5991,12.6912,16.3339,20.6043,24.0326,29.0951,38.1806,84.2435,103.586,4.69873,3.272,2.58792,1.88876,1.42042,1.21046,1.12444,1.12373
1,0,0,141.5089789567,-0.794834,6.1499570856,9.01569,9.48268,10.5757,12.5844,16.0888,20.2991,23.68,28.674,37.8755,83.5444,102.742,4.77149,3.1954,2.48965,1.78957,1.32997,1.12484,1.03856,1.03194
1,0,0,141.0723161005,-0.809315,4.9212319052,9.07329,9.49841,10.5379,12.4634,15.8436,19.9925,23.3248,28.248,37.5962,82.8208,101.879,5.00845,3.17167,2.42709,1.71488,1.25831,1.05583,0.968788,0.95705
1,0,0,140.3769824583,-0.820515,3.703690861,9.11776,9.50107,10.4874,12.3319,15.6034,19.6935,22.9795,27.8359,37.4232,82.1365,101.048,5.5554,3.21159,2.40484,1.66681,1.20655,1.00417,0.915623,0.899353
1,0,0,140.3032957271,-0.828465,2.472352993,9.14911,9.48988,10.4226,12.1861,15.3608,19.3893,22.6261,27.4107,37.2808,81.4009,100.176,38.8952,3.34072,2.43292,1.649,1.17607,0.970409,0.879124,0.85849
1,0,0,140.2368878305,-0.833139,1.2338588822,9.16739,9.46522,10.3442,12.0273,15.1173,19.0829,22.2695,26.9802,37.2361,80.6424,99.2851,38.8064,3.59448,2.52177,1.66483,1.16819,0.955204,0.859592,0.834503
1,0,0,140.1758593745,-0.83454,-0.0142503198,9.1727,9.42725,10.2523,11.8557,14.872,18.7728,21.9072,26.5404,37.352,79.8466,98.364,38.6945,4.04597,2.68747,1.71869,1.18445,0.959216,0.857272,0.827301
1,0,0,140.1001950552,-0.832625,-1.2648387102,9.1649,9.37615,10.1476,11.6723,14.6265,18.4618,21.5434,26.0982,50.0626,79.0389,97.4323,38.5471,4.88674,2.95417,1.81612,1.22678,0.983412,0.872654,0.837086
1,0,0,140.0225853881,-0.827375,-2.5130387261,9.14389,9.31209,10.0304,11.479,14.3815,18.1517,21.1806,25.6574,50.2104,78.2342,96.5025,38.361,7.14041,3.36239,1.96409,1.29726,1.02873,0.906189,0.863976
1,0,0,139.9475324445,-0.818779,-3.7583739529,9.10952,9.23505,9.90085,11.2842,14.1368,17.8418,20.8182,25.2169,50.2341,77.4298,95.5722,38.1439,10.3266,3.99241,2.172,1.39845,1.09625,0.958367,0.908108
1,0,0,139.8485873972,-0.806857,-4.9991656245,9.06183,9.14521,9.75929,11.0897,13.8924,17.5325,20.4565,24.7774,50.1774,76.6274,94.6428,37.8993,13.5221,5.01676,2.45212,1.53302,1.18699,1.02957,0.969505
1,0,0,139.7575828839,-0.791627,-6.2341245857,9.00075,9.04266,9.6059,10.8955,13.6485,17.2238,20.0956,24.3391,50.0649,75.8284,93.7155,37.6297,16.7251,6.19755,2.82205,1.70425,1.30215,1.12027,1.04824
1,0,0,139.6677111199,-0.773108,-7.4618012533,8.92619,8.92745,9.44086,10.7015,13.405,16.9158,19.7357,23.9021,49.9099,75.0332,92.7909,37.3379,19.9329,7.3786,3.30567,1.91609,1.44309,1.23101,1.14447
1,0,0,139.5761097654,-0.751319,-8.6817429907,8.83809,8.79962,9.27006,10.5076,13.1616,16.608,19.3761,23.4656,49.7164,74.2397,91.867,37.0276,23.0008,8.56039,3.83388,2.17341,1.61139,1.36241,1.25834
1,0,0,139.4935111833,-0.726306,-9.8928038823,8.73639,8.65931,9.09939,10.3139,12.9186,16.3008,19.0172,23.0302,49.4944,73.4492,90.945,36.6997,24.4122,9.74219,4.36192,2.46935,1.80868,1.51503,1.38995
1,0,0,139.4213428759,-0.698086,-11.0937234209,8.62094,8.50646,8.92877,10.1203,12.6758,15.994,18.6588,22.5991,49.2478,72.6618,90.0249,36.3625,25.16,10.9242,4.88999,2.76805,2.02671,1.68938,1.53959
1,0,0,139.3436911155,-0.666767,-12.0895240688,8.49177,8.3446,8.75828,9.9269,12.4332,15.6874,18.3007,22.1785,48.9763,71.8748,89.1046,36.0335,25.6275,12.1065,5.41789,3.06659,2.24521,1.87147,1.70396
1,0,0,139.2763904769,-0.634351,-12.0926180409,8.34865,8.18229,8.58779,9.7335,12.1906,15.381,17.9429,21.7694,48.6846,71.0894,88.1851,35.7136,25.9282,13.2894,5.94591,3.36518,2.46373,2.05358,1.86973
1,0,0,139.4983752511,-0.60193,-12.094680689,8.19141,8.01996,8.41734,9.54019,11.9483,15.075,17.5858,21.3735,48.38,70.3079,87.268,35.4013,26.1131,14.4714,6.47384,3.66376,2.68227,2.23571,2.03553
1,0,0,139.6778012499,-0.569449,-12.1429810311,8.02684,7.85701,8.24442,9.34165,11.6951,14.7495,17.2008,20.9414,47.7965,69.3563,86.2034,35.1968,26.2997,15.7479,7.02041,3.96789,2.90335,2.41918,2.20203
1,0,0,139.6794000463,-0.53694,-12.2265182776,7.86305,7.69371,8.06987,9.13956,11.4345,14.4106,16.7968,20.4851,47.0221,68.2801,85.029,35.0853,26.469,17.1167,7.58482,4.27715,3.1267,2.60379,2.36903
1,0,0,139.9087737841,-0.504393,-12.2618697736,7.69757,7.53056,7.89742,8.94247,11.1847,14.0916,16.4214,20.0932,46.5201,67.3821,84.0057,34.8865,26.4909,18.1164,8.13358,4.58216,3.34834,2.78768,2.53589
1,0,0,139.9633426941,-0.471715,-12.2921219452,7.53123,7.3668,7.72457,8.74525,10.9354,13.774,16.0483,19.7211,46.039,66.5026,82.9968,34.6949,26.458,18.7921,8.68423,4.88831,3.57083,2.9723,2.7034
1,0,0,139.8923537776,-0.43894,-12.3129203131,7.36409,7.20262,7.55167,8.5485,10.6876,13.4595,15.6798,19.376,45.5979,65.6574,82.0166,34.5013,26.3726,19.2653,9.23349,5.19452,3.79362,3.15729,2.87135
1,0,0,139.8206963605,-0.406088,-12.3242648775,7.19628,7.03811,7.37879,8.35228,10.4414,13.1481,15.316,19.0611,45.1931,64.8457,81.0652,34.3057,26.2421,19.5979,9.7802,5.50036,4.01647,3.34251,3.03961
1,0,0,139.7503191862,-0.373178,-12.3240929901,7.02784,6.87338,7.20609,8.1568,10.197,12.8404,14.9594,18.7829,44.8298,64.0733,80.1479,34.1025,26.0695,19.8227,10.3221,5.80513,4.23902,3.52772,3.20804
1,0,0,139.6863289681,-0.340225,-12.3191082573,6.85906,6.70847,7.03336,7.9615,9.95326,12.534,14.6163,18.539,44.4746,63.317,79.2445,33.9084,25.8679,19.9697,10.8617,6.10948,4.46151,3.71301,3.37662
0,0,0,139.6168830984,-0.307244,-12.315040257,6.69016,6.5434,6.86043,7.76593,9.70908,12.227,14.2859,18.3285,44.1022,62.5568,78.3373,33.7395,25.6472,20.0595,11.4022,6.41418,4.68424,3.89847,3.54536
0,0,0,139.5374877081,-0.274254,-12.3131494963,6.52128,6.37828,6.68737,7.57011,9.46441,11.919,13.9688,18.1572,43.7092,61.7892,77.423,33.6021,25.4104,20.1025,11.931,6.71928,4.90716,4.08405,3.71417
0,0,0,139.458205216,-0.241269,-12.311659806,6.35244,6.21318,6.51432,7.37428,9.21968,11.611,13.6676,18.0384,43.305,61.0202,76.5071,33.4941,25.1566,20.1037,12.3711,7.02438,5.13007,4.26961,3.88295
0,0,0,139.3848768816,-0.208283,-12.3097117495,6.18358,6.04808,6.34127,7.17847,8.975,11.3053,13.384,17.9896,42.8935,60.2526,75.5919,33.4174,24.889,20.0681,12.7266,7.32939,5.35293,4.45516,4.05174
0,0,0,139.3143910567,-0.175309,-12.3081074677,6.01479,5.88303,6.16827,6.98269,8.73034,11.0123,13.1196,18.0378,42.4725,59.4842,74.6753,33.3789,24.6275,20.0008,13.013,7.63432,5.57574,4.64065,4.22046
0,0,0,139.236133302,-0.142353,-12.3071334394,5.84611,5.71808,5.99535,6.78697,8.4857,10.7339,12.8765,18.2357,42.0418,58.7141,73.7566,33.3859,24.3767,19.9056,13.2413,7.93919,5.79846,4.82605,4.3891
0,0,0,139.1506925037,-0.109397,-12.3065031858,5.67745,5.55312,5.82241,6.59122,8.241,10.4712,12.6572,18.7169,41.6028,57.9431,72.8364,33.4469,24.1373,19.7852,13.4199,8.24411,6.02121,5.01147,4.55775
0,0,0,139.0687658573,-0.0764639,-12.3059875238,5.5089,5.38827,5.64958,6.39559,7.99643,10.2257,12.4654,20.1835,41.1571,57.172,71.9155,33.5725,23.9091,19.6419,13.5548,8.53063,6.24382,5.19676,4.72627
0,0,0,138.9967339631,-0.0435357,-12.3058156365,5.34038,5.22345,5.47677,6.19997,7.7532,9.99878,12.3047,21.6795,40.7042,56.4003,70.9934,33.7813,23.6934,19.478,13.6514,8.77894,6.46641,5.38204,4.89478
0,0,0,138.9180875023,-0.0106389,-12.3057010449,5.17203,5.05879,5.30412,6.00452,7.52226,9.79241,12.1809,22.5453,40.2457,55.6288,70.0707,34.0994,23.4903,19.2949,13.7135,8.99223,6.68881,5.56714,5.06313
0,0,0,138.8328862216,0.0222518,-12.3055864534,5.0037,4.89415,5.13151,5.80912,7.30647,9.60844,12.1007,23.1235,39.7817,54.8576,69.1476,34.574,23.3007,19.0943,13.745,9.17363,6.9044,5.75221,5.23145
0,0,0,138.7525876843,0.0551209,-12.3055291576,4.83549,4.72962,4.959,5.61384,7.10685,9.44954,12.0738,23.5276,39.3129,54.0869,68.2242,35.2997,23.1254,18.8778,13.7483,9.32553,7.09708,5.93716,5.39966
0,0,0,138.6777279641,0.0879818,-12.3056437491,4.66732,4.56514,4.78654,5.42217,6.92427,9.31842,12.1136,23.8104,38.8386,53.3158,67.2997,36.5512,22.9658,18.6626,13.7263,9.45027,7.26739,6.12065,5.56783
0,0,-0.7,138.6047444714,0.120821,-12.3061021154,4.49927,4.40076,4.61417,5.24457,6.75997,9.21894,12.2414,24.0027,38.359,52.5442,66.374,79.7201,22.823,18.4573,13.681,9.54965,7.41636,6.28984,5.7359
0,0,-0.7,138.5015790996,0.153401,-12.20978791,4.33096,4.23802,4.44789,5.08986,6.63287,9.19939,12.6168,24.393,38.1497,52.0443,65.7117,78.9626,22.5743,18.1974,13.5766,9.60534,7.53381,6.43575,5.89957
0,0,-0.7,138.3698544909,0.185411,-11.9211317728,4.16272,4.07883,4.30338,4.96725,6.56486,9.32526,13.6384,25.2028,38.4546,52.0692,65.5649,78.7029,22.0976,17.8199,13.3839,9.60136,7.61044,6.55289,6.04554
0,0,0,138.2024093655,0.216061,-10.7092687403,3.99622,3.93195,4.18176,4.87494,6.55296,9.61419,15.2067,26.2313,39.0734,52.431,65.7564,34.3704,21.4795,17.3687,13.1342,9.55394,7.65472,6.64574,6.1732
0,0,0,137.9879127972,0.242878,-9.0230539493,3.83828,3.80856,4.08708,4.81965,6.61488,10.1705,16.8263,27.5285,40.0518,53.1798,66.3382,31.1443,20.7104,16.8347,12.8259,9.46145,7.66496,6.71278,6.28134
0,0,0,137.8374523502,0.265613,-7.1550969456,3.70382,3.71032,4.0223,4.80761,6.773,11.2468,18.5951,29.1382,41.4286,54.3582,67.3554,28.3146,19.7998,16.2175,12.4615,9.32547,7.64204,6.75463,6.37068
0,0,0,137.7535282722,0.284979,-5.3484349668,3.59235,3.63181,3.97688,4.81917,6.98673,12.6429,20.0923,30.4852,42.5682,55.3181,68.1682,26.4089,19.0114,15.6635,12.121,9.19109,7.61219,6.78648,6.44896
0,0,0,137.6698120294,0.300902,-3.6883012146,3.50347,3.57189,3.94834,4.84894,7.24484,13.766,21.2011,31.4061,43.2783,55.8554,68.5706,25.1722,18.3946,15.2056,11.8201,9.06769,7.58067,6.81065,6.51605
0,0,0,137.5748457464,0.313002,-2.1879539323,3.43774,3.53168,3.93818,4.89879,7.55347,14.6141,21.9395,31.9107,43.5564,55.9595,68.5472,24.4005,17.9302,14.8357,11.5518,8.95137,7.54476,6.82458,6.5691
0,0,0,137.4811710407,0.32137,-0.7891634191,3.3935,3.51121,3.94834,4.97426,7.9397,15.2682,22.4363,32.153,43.5643,55.7922,68.2562,23.8817,17.5579,14.5204,11.2978,8.83296,7.49985,6.82606,6.60739
0,0,0,137.3942988633,0.32603,0.5445144513,3.37002,3.51092,3.98076,5.08063,8.42339,15.7858,22.7748,32.2296,43.4031,55.4545,67.7966,23.5148,17.2436,14.24,11.0586,8.70706,7.44317,6.8137,6.63041
0,0,0,137.3050538649,0.32679,1.7980504231,3.36787,3.53163,4.03659,5.22007,8.87352,16.1676,22.9513,32.1284,43.053,54.9218,67.1408,23.3218,16.9937,13.9978,10.8386,8.57343,7.37422,6.78661,6.63673
0,0,0,137.2158955872,0.32382,2.9912522202,3.38596,3.57301,4.11652,5.39612,9.26348,16.4454,23.0104,31.9013,42.5689,54.2494,66.3428,23.2719,16.7939,13.7852,10.6339,8.43023,7.29241,6.74482,6.6268
0,0,0,137.1351020471,0.317368,4.1608939928,3.42307,3.63487,4.22199,5.6151,9.60998,16.6645,23.0159,31.6275,42.0391,53.5293,65.4952,23.3006,16.6184,13.5876,10.4381,8.27482,7.19692,6.68859,6.60169
0,0,0,137.056314848,0.307324,5.3024092671,3.47975,3.71816,4.35475,5.87615,9.91641,16.8295,22.9701,31.3062,41.4607,52.7568,64.5922,23.4287,16.4691,13.4055,10.251,8.10694,7.08739,6.61737,6.56061
0,0,0,136.9767435232,0.293801,6.4151219532,3.55551,3.82276,4.5155,6.12932,10.1846,16.9448,22.8772,30.941,40.8368,51.9347,63.6361,23.6839,16.3486,13.24,10.0732,7.93324,6.96439,6.53162,6.50386
0,0,0,136.8968532593,0.277009,7.5196699906,3.6496,3.94875,4.7056,6.36532,10.4243,17.0323,22.7673,30.5701,40.2118,51.1112,62.6764,24.0471,16.2435,13.0836,9.90168,7.76459,6.8281,6.43199,6.43249
0,0,0,136.824805959,0.257021,8.623988845,3.76198,4.09675,4.90106,6.586,10.641,17.1022,22.6526,30.2085,39.6039,50.3059,61.7337,24.5309,16.1478,12.9332,9.73511,7.60082,6.67865,6.31872,6.3468
0,0,-0.7,136.7498371856,0.233859,9.7185674168,3.89274,4.26375,5.08599,6.79088,10.8331,17.1485,22.5225,29.8409,38.9945,49.4993,60.7877,25.2434,16.0702,12.7932,9.57542,7.44275,6.52069,6.19197,6.24659
0,0,-0.7,136.6566481624,0.207543,10.8421949488,4.04269,4.42891,5.26384,6.98733,11.0193,17.208,22.4272,29.5323,38.4617,48.7777,59.9293,26.1168,15.9751,12.6445,9.41414,7.2868,6.3658,6.0515,6.1324
0,0,-0.7,136.4555557714,0.1776,12.2210751786,4.2045,4.59992,5.45645,7.21876,11.3031,17.4841,22.6467,29.6474,38.445,48.6331,59.6788,25.4327,15.6394,12.3704,9.1983,7.10948,6.2036,5.89486,6.00615
0,0,0,136.20187031,0.145423,12.4281994215,4.37009,4.78188,5.67209,7.49984,11.7132,18.0208,23.2339,30.2499,39.0209,49.154,60.1333,23.2669,15.0291,11.9509,8.91779,6.9054,6.03061,5.73332,5.86815
0,0,0,135.9865400658,0.11355,12.6837385981,4.53713,4.9698,5.90124,7.81074,12.1982,18.7073,24.0283,31.1233,39.925,50.0442,60.9809,21.1099,14.3027,11.465,8.60697,6.68913,5.85328,5.57264,5.71779
0,0,0,135.8342301437,0.082167,13.0350190223,4.70375,5.16003,6.13721,8.13808,12.7256,19.4754,24.9321,32.1361,40.9958,51.1216,62.028,19.2538,13.556,10.9621,8.28768,6.47015,5.67613,5.41425,5.56473
0,0,0,135.755448033,0.0512984,13.1354012281,4.86357,5.33688,6.34831,8.41521,13.1311,20.0033,25.5083,32.7299,41.5713,51.6532,62.5036,18.1826,13.0226,10.5763,8.02273,6.27541,5.51052,5.25947,5.40806
0,0,0,135.6673673599,0.0210512,13.0281435288,5.01635,5.50056,6.53563,8.6454,13.4262,20.3215,25.8049,32.9728,41.7375,51.7366,62.5107,17.5488,12.6407,10.2778,7.79989,6.10019,5.35476,5.10849,5.24973
0,0,0,135.5715812553,-0.00848551,12.817352356,5.16337,5.65494,6.70747,8.84684,13.6582,20.527,25.9558,33.0374,41.6986,51.5971,62.2858,17.1064,12.3323,10.023,7.59936,5.93633,5.20568,4.96141,5.09299
0,0,0,135.4765580665,-0.0373409,12.4861254546,5.30443,5.79915,6.86191,9.01579,13.8196,20.6077,25.9457,32.9039,41.4302,51.2059,61.7968,16.864,12.1026,9.81516,7.4226,5.78441,5.0635,4.81823,4.93768
0,0,0,135.3928001425,-0.0656192,12.0335460922,5.44007,5.9336,6.99936,9.15285,13.9127,20.5699,25.7832,32.5825,40.9418,50.5705,61.0487,16.8225,11.9491,9.65203,7.26806,5.64346,4.9276,4.67857,4.78365
0,0,0,135.3070173066,-0.0933203,11.554954446,5.5722,6.06298,7.12922,9.27779,13.9853,20.5046,25.5898,32.2264,40.414,49.8905,60.2517,16.8407,11.8144,9.50018,7.11989,5.50665,4.79509,4.54211,4.63304
0,0,0,135.2197074807,-0.120204,11.0883949134,5.70036,6.1879,7.25387,9.39669,14.0535,20.443,25.4079,31.8903,39.9128,49.2406,59.4855,16.8657,11.6795,9.34921,6.97387,5.37283,4.66611,4.40986,4.48772
0,0,0,135.1356596981,-0.146163,10.6371906497,5.8241,6.30799,7.3731,9.50965,14.1179,20.3862,25.2389,31.5764,39.4413,48.6249,58.7554,16.8954,11.5442,9.19946,6.83056,5.2425,4.54116,4.2823,4.3482
0,0,0,135.0596286912,-0.171242,10.1604324684,5.94294,6.42163,7.48335,9.60917,14.1608,20.3009,25.038,31.2266,38.9295,47.964,57.9761,17.0158,11.4341,9.06498,6.69621,5.11823,4.42122,4.15945,4.21355
0,0,0,134.983070686,-0.195394,9.6550836931,6.05669,6.52849,7.58418,9.69466,14.1815,20.1858,24.8033,30.8386,38.374,47.2537,57.1421,17.2604,11.3537,8.9479,6.5718,5.00051,4.30665,4.04155,4.08401
0,0,0,134.9020495842,-0.218506,9.1202275913,6.16485,6.62805,7.67503,9.76552,14.1796,20.041,24.5349,30.4124,37.7748,46.4933,56.2524,17.683,11.3078,8.8506,6.45859,4.89017,4.19808,3.92922,3.96016
0,0,-0.7,134.8193569314,-0.24047,8.558499769,6.26701,6.71999,7.75573,9.82201,14.1562,19.8692,24.2366,29.953,37.1374,45.689,55.3131,18.379,11.2998,8.77447,6.3573,4.78779,4.09608,3.82301,3.84263
0,0,-0.7,134.7176354506,-0.261444,8.0676468259,6.36552,6.80983,7.83679,9.88434,14.1547,19.746,24.0081,29.5876,36.6178,45.0206,54.5216,19.1059,11.2594,8.68218,6.25117,4.68589,3.99692,3.72133,3.73154
0,0,0,134.5357181475,-0.28192,7.8326195383,6.46535,6.90865,7.93868,9.99084,14.2542,19.8077,24.0277,29.5452,36.4972,44.8168,54.2415,18.7965,11.0394,8.49856,6.1068,4.56939,3.8925,3.62005,3.62585
0,0,0,134.3230782392,-0.302004,7.8478029199,6.5668,7.01689,8.06184,10.1415,14.4522,20.0467,24.2837,29.8093,36.7559,45.0565,54.4524,17.4965,10.6487,8.2284,5.92618,4.43883,3.78276,3.51863,3.52453
0,0,0,134.1777066146,-0.321491,7.9912715518,6.66714,7.12806,8.19393,10.3127,14.698,20.3725,24.6559,30.2242,37.2019,45.5159,54.9078,16.096,10.195,7.92562,5.73277,4.30449,3.67284,3.41926,3.42734
0,0,0,134.0984855424,-0.340043,7.9934487914,6.7607,7.22755,8.30661,10.4495,14.8752,20.5825,24.878,30.4497,37.4187,45.7122,55.076,15.2893,9.85807,7.68571,5.56932,4.18512,3.57198,3.32571,3.33361
0,0,0,134.0153137011,-0.357698,7.8142848889,6.84697,7.31332,8.39553,10.5434,14.9658,20.6462,24.9108,30.4366,37.3469,45.5772,54.8812,14.9562,9.6468,7.51516,5.43904,4.08206,3.48073,3.23804,3.24292
0,0,0,133.9146996257,-0.374509,7.5288946111,6.92741,7.38927,8.46843,10.6095,15.0028,20.6218,24.8313,30.2833,37.107,45.2494,54.4745,14.882,9.50968,7.3866,5.32972,3.99006,3.39659,3.15537,3.15581
0,0,0,133.8184701035,-0.390457,7.1491381845,7.00226,7.45601,8.52649,10.6505,14.9922,20.521,24.6549,30.0095,36.7221,44.7546,53.8845,15.0659,9.44016,7.29602,5.23948,3.90834,3.3193,3.07774,3.07258
0,0,0,133.7316318389,-0.405638,6.6579414668,7.07193,7.51336,8.5689,10.6643,14.93,20.3364,24.3719,29.6021,36.1747,44.0705,53.0849,15.6449,9.4507,7.24839,5.1698,3.8372,3.24875,3.00487,2.9928
0,0,0,133.6478573445,-0.419988,6.1206789423,7.13721,7.56437,8.60205,10.664,14.8443,20.1177,24.0474,29.1441,35.5662,43.3141,52.2034,16.6871,9.50914,7.22565,5.11266,3.77339,3.18365,2.93663,2.91734
0,0,0,133.5558900525,-0.433351,5.5890772408,7.19808,7.61073,8.63028,10.6586,14.7554,19.9003,23.728,28.6956,34.9708,42.5725,51.3367,18.7974,9.59013,7.21449,5.06269,3.71511,3.12359,2.87339,2.8473
0,0,0,133.4598559843,-0.445603,5.0611825762,7.25389,7.65173,8.65269,10.6471,14.6613,19.6813,23.4102,28.2522,34.3836,41.8409,50.4797,59.5851,9.70077,7.21828,5.02168,3.66343,3.06934,2.81583,2.78324
0,0,0,133.3790895917,-0.456717,4.5234330376,7.30439,7.68671,8.66799,10.6269,14.557,19.4518,23.0822,27.7989,33.7858,41.0968,49.6072,58.6327,9.85654,7.24344,4.99217,3.61946,3.02148,2.76418,2.72521
0,0,0,133.3027945394,-0.466704,3.979140321,7.34971,7.71593,8.6767,10.5991,14.4441,19.2145,22.7474,27.3399,33.1826,40.3461,48.7258,57.6695,10.0624,7.29048,4.97411,3.58312,2.97994,2.71842,2.67316
0,0,0,133.2192890663,-0.475503,3.432504207,7.38962,7.73933,8.67897,10.564,14.3241,18.9717,22.4089,26.8791,32.5791,39.5953,47.8427,56.7027,10.3263,7.3609,4.96806,3.55476,2.94502,2.67883,2.62737
0,0,0,133.1239330783,-0.483035,2.8872546508,7.42377,7.75671,8.67478,10.5221,14.1977,18.725,22.0688,26.4194,31.979,38.8489,46.9638,55.7382,10.6596,7.45686,4.97481,3.53491,2.91718,2.64578,2.58822
0,0,0,133.0384175844,-0.48927,2.3376276971,7.452,7.76775,8.66355,10.4722,14.0628,18.4709,21.7224,25.9548,31.3749,38.098,46.0786,54.7654,11.0879,7.58409,4.99628,3.52438,2.89682,2.61956,2.55585
0,0,-0.7,132.9537395603,-0.494195,1.7816638302,7.47427,7.77235,8.64517,10.4143,13.9192,18.2085,21.3685,25.4835,30.7643,37.3398,45.1838,53.7809,11.6459,7.74754,5.03375,3.52364,2.88421,2.60028,2.53029
0,0,-0.7,132.8404144105,-0.498023,1.3187884162,7.49192,7.77528,8.62903,10.3655,13.8006,17.9937,21.0793,25.0989,30.2653,36.7181,44.4472,52.9574,12.2114,7.89903,5.0693,3.52521,2.87538,2.58575,2.51057
0,0,-0.7,132.6499261078,-0.501326,1.1252088955,7.50795,7.78543,8.63211,10.3568,13.7659,17.922,20.9784,24.9596,30.079,36.4802,44.1594,52.5968,12.412,7.93376,5.06641,3.51378,2.86191,2.57092,2.49387
0,0,0,132.4222271995,-0.504221,1.1756578294,7.52254,7.80218,8.65258,10.3839,13.8058,17.977,21.0438,25.0371,30.1696,36.5832,44.2699,52.6469,12.2087,7.85491,5.02705,3.48989,2.84376,2.55541,2.47943
0,0,0,132.2069474312,-0.506652,1.3873370868,7.53527,7.82238,8.68356,10.4337,13.8939,18.1146,21.2179,25.2567,30.442,36.9102,44.6321,52.9595,11.7773,7.70819,4.96652,3.45944,2.82378,2.54049,2.46748
0,0,0,132.040270363,-0.50879,1.672939359,7.54688,7.84393,8.71921,10.4938,14.0046,18.2914,21.4437,25.5438,30.8002,37.3422,45.1011,53.3851,11.2952,7.53826,4.8984,3.42694,2.80357,2.52635,2.45714
0,0,0,131.9500146426,-0.510192,1.7877486419,7.55431,7.85546,8.73673,10.5218,14.0541,18.3685,21.5411,25.6663,30.9515,37.5229,45.2757,53.5104,11.0984,7.46247,4.86578,3.41016,2.79239,2.5179,2.45028
0,0,0,131.8411951412,-0.510793,1.7188905741,7.55706,7.85601,8.73442,10.5146,14.0364,18.3362,21.4977,25.6087,30.8768,37.4301,45.14,53.3186,11.1671,7.48231,4.87025,3.41001,2.79082,2.51554,2.44717
0,0,0,131.7336416118,-0.510641,1.5445853537,7.5557,7.84877,8.71912,10.4854,13.9779,18.239,21.3713,25.4453,30.6703,37.1782,44.8261,52.9445,11.4065,7.56335,4.89924,3.42153,2.79648,2.5182,2.44772
0,1,0,131.6255114047,-0.509851,1.2387977784,7.55087,7.83355,8.68959,10.4311,13.8723,18.0654,21.1467,25.1563,30.3058,36.7342,44.2985,52.3497,11.8876,7.72042,4.95671,3.44575,2.80954,2.52564,2.45133
0,1,0,130.5608864559,-0.508334,0.8012127216,7.54234,7.8102,8.6458,10.3522,13.7208,17.8181,20.8275,24.7461,29.7881,36.1028,43.562,51.5376,12.7207,7.96597,5.0456,3.48386,2.83073,2.53846,2.45857
0,1,0,128.9898970723,-0.505746,0.2161087941,7.52878,7.77685,8.58531,10.2452,13.5186,17.4907,20.406,24.2051,29.1051,35.2677,42.5968,50.4852,14.2801,8.33483,5.17572,3.54022,2.86293,2.55882,2.47129
0,1,0,127.4746253896,-0.501982,-0.3705650377,7.51005,7.73832,8.51949,10.133,13.312,17.161,19.984,23.6655,28.4248,34.435,41.6319,49.4307,17.7478,8.77089,5.32601,3.60708,2.90279,2.58571,2.49014
0,1,0,126.3425689528,-0.497013,-0.776839097,7.48569,7.70005,8.46157,10.0415,13.1533,16.9161,19.6751,23.2752,27.9373,33.8423,40.9386,48.6622,56.7076,9.15733,5.46188,3.67208,2.9448,2.61689,2.51517
0,1,0,124.8369596692,-0.490851,-1.1768152042,7.45569,7.65631,8.39821,9.94466,12.9898,16.6679,19.364,22.8844,27.4512,33.2526,40.2496,47.8987,55.8977,9.60384,5.6155,3.74689,2.99421,2.6545,2.5463
0,1,0,123.2253209645,-0.483555,-1.7570839407,7.42095,7.60208,8.31673,9.81703,12.7705,16.3312,18.9397,22.3479,26.7788,32.4301,39.2931,46.8493,54.7928,10.2922,5.82871,3.84556,3.05719,2.70097,2.58349
0,1,0,121.5982703477,-0.475179,-2.3947573188,7.38179,7.54174,8.22691,9.6776,12.533,15.9686,18.4835,21.7715,26.0554,31.5419,38.2576,45.712,53.5944,11.2014,6.08137,3.9601,3.12994,2.75459,2.62647
0,1,0,120.2743120361,-0.465753,-2.8936144823,7.33731,7.48065,8.14207,9.55261,12.3295,15.6664,18.108,21.3021,25.4712,30.8289,37.4234,44.7892,52.6165,12.1625,6.32736,4.07479,3.20531,2.81224,2.67477
0,1,0,119.246218864,-0.455271,-3.2637967842,7.28716,7.41804,8.06075,9.43929,12.1544,15.4149,17.8006,20.9236,25.0065,30.2681,36.7674,44.0591,51.8391,13.1635,6.56418,4.1893,3.28321,2.87383,2.72823
0,1,0,117.8434935965,-0.443771,-3.6163835522,7.23203,7.35108,7.97569,9.32307,11.9783,15.1654,17.4975,20.5526,24.5531,29.7228,36.1305,43.3502,51.0842,14.4272,6.81931,4.31249,3.36749,2.9409,2.7869
0,1,-0.7,116.1250264642,-0.431341,-4.043053763,7.17306,7.27813,7.88176,9.19332,11.7796,14.8818,17.1515,20.1267,24.0294,29.0882,35.388,42.5258,50.2077,16.5637,7.12172,4.45272,3.46159,3.01472,2.85065
0,1,-0.7,114.5190448043,-0.418036,-4.4695635457,7.10999,7.20127,7.78401,9.05984,11.5776,14.5956,16.8035,19.6996,23.505,28.4528,34.644,41.6989,49.328,57.2721,7.45237,4.60331,3.56238,3.09382,2.91904
0,1,-0.7,113.1846550838,-0.403865,-4.8286533847,7.04225,7.12195,7.68632,8.9304,11.3876,14.3322,16.4867,19.3148,23.037,27.8902,33.9871,40.9679,48.5494,56.4709,7.78849,4.7573,3.66677,3.17677,2.99171
0,0,-0.7,112.0183866695,-0.388826,-5.1909575168,6.97038,7.03856,7.5845,8.79655,11.1929,14.0638,16.1647,18.9245,22.5628,27.3203,33.3214,40.2272,47.7604,55.6591,8.15582,4.92203,3.77796,3.26498,3.06897
0,0,-0.7,110.4995436279,-0.372995,-5.5955459343,6.89517,6.95081,7.47687,8.65456,10.9856,13.7771,15.8201,18.5056,22.0518,26.7028,32.5979,39.4214,46.9014,54.7747,8.57397,5.10201,3.89763,3.35902,3.15066
0,0,-0.7,108.816966903,-0.356564,-5.949765632,6.81661,6.86138,7.36951,8.51583,10.7874,13.5074,15.4984,18.1176,21.5819,26.1386,31.9383,38.6862,46.1172,53.9673,9.00328,5.28501,4.02,3.4558,3.23536
0,0,-0.7,107.3720436252,-0.33979,-6.1223405199,6.73433,6.77367,7.27024,8.39508,10.6265,13.3002,15.2589,17.8385,21.256,25.7619,31.5069,38.2082,45.61,53.4473,9.36741,5.4507,4.13574,3.55051,3.32082
0,0,-0.7,106.4798468387,-0.322939,-6.0807437839,6.64919,6.68926,7.18158,8.29626,10.5094,13.1657,15.1148,17.6854,21.0971,25.6037,31.3415,38.0319,45.429,53.2671,9.62742,5.58954,4.24021,3.64037,3.40533
0,0,0,105.832207612,-0.306065,-5.8899488382,6.5623,6.60723,7.10023,8.21242,10.4224,13.081,15.0361,17.6192,21.054,25.598,31.3592,38.0643,45.4745,53.3233,9.80605,5.7078,4.33597,3.72639,3.48895
0,0,0,105.3622944162,-0.289232,-5.5734469521,6.47444,6.52758,7.02532,8.14142,10.3608,13.0389,15.0136,17.6281,21.1112,25.7249,31.5327,38.2737,45.7119,53.5796,9.91175,5.80724,4.42357,3.80869,3.57153
0,0,0,104.9895484599,-0.272515,-5.1323840414,6.38626,6.45081,6.95727,8.08371,10.3256,13.041,15.0495,17.7152,21.2734,25.9894,31.8642,38.6617,46.1417,54.0356,9.9452,5.887,4.50243,3.88685,3.65279
0,0,0,104.8386717015,-0.255888,-4.7315484975,6.29932,6.37394,6.8876,8.02221,10.2826,13.0303,15.0692,17.7814,21.4087,26.2132,32.1459,38.9931,46.51,54.4274,9.99731,5.97031,4.58247,3.96533,3.73391
0,0,-0.7,104.6925965048,-0.239448,-4.4427777688,6.21455,6.29599,6.81303,7.94983,10.2171,12.9817,15.0388,17.7811,21.4556,26.3166,32.2845,39.1634,46.7052,54.6397,10.1033,6.06655,4.66748,4.04555,3.8148
0,0,-0.7,104.5376126231,-0.223249,-4.211554921,6.13161,6.21818,6.73663,7.87255,10.1406,12.9143,14.9833,17.7472,21.4577,26.3574,32.3493,39.2506,46.8112,54.7597,10.2331,6.16788,4.75399,4.12581,3.89482
0,0,-0.7,104.3331001297,-0.207338,-3.981827493,6.05025,6.14179,6.66156,7.79658,10.0655,12.8483,14.9295,17.7152,21.4623,26.3971,32.4126,39.3364,46.9155,54.8779,10.3567,6.26616,4.83841,4.20441,3.97341
0,0,-0.7,104.1219870366,-0.191871,-3.8358435764,5.97179,6.06603,6.58444,7.71433,9.97552,12.7556,14.8394,17.6338,21.3997,26.3469,32.3691,39.3019,46.8907,54.8625,10.5158,6.37206,4.9249,4.28275,4.05021
0,0,-0.7,103.8815322673,-0.176832,-3.8325719874,5.89643,5.98965,6.50219,7.61971,9.85828,12.6149,14.6845,17.4642,21.2175,26.1416,32.1416,39.0604,46.6438,54.6175,10.7448,6.49496,5.01751,4.36262,4.12558
0,0,-0.7,103.6293111767,-0.162278,-3.8460536843,5.82361,5.91542,6.42175,7.5264,9.74118,12.4725,14.5261,17.2886,21.0257,25.9212,31.8951,38.7968,46.3726,54.3467,10.9775,6.61657,5.10826,4.44038,4.19859
0,0,0,103.3886155121,-0.148049,-3.8616610547,5.75242,5.8428,6.34298,7.4349,9.62609,12.3321,14.3697,17.1147,20.8351,25.6998,31.6469,38.5308,46.0985,54.0728,11.2086,6.73608,5.19721,4.5165,4.27
0,0,0,103.1470623592,-0.134156,-3.886269592,5.68298,5.77174,6.26561,7.34461,9.51174,12.1916,14.2122,16.9384,20.6398,25.4703,31.3884,38.2527,45.8109,53.7846,11.442,6.85451,5.28476,4.59111,4.33978
0,0,0,102.9384780828,-0.120613,-3.8826943353,5.6151,5.70297,6.19155,7.25931,9.40573,12.0639,14.0712,16.7833,20.4706,25.2728,31.1676,38.0165,45.5681,53.5425,11.655,6.96584,5.36831,4.66307,4.40765
0,0,0,102.83602455,-0.107147,-3.8219035133,5.54727,5.63563,6.12065,7.18004,9.31165,11.9563,13.9569,16.6644,20.3481,25.1346,31.018,37.8614,45.413,53.3917,11.8316,7.06732,5.44744,4.73289,4.47482
0,0,0,102.7332802178,-0.093758,-3.7676214918,5.47987,5.56853,6.04978,7.10046,9.21653,11.8466,13.8397,16.5414,20.2177,24.9871,30.8578,37.6948,45.2459,53.2288,12.0113,7.16909,5.52647,4.80247,4.54163
0,0,-0.7,102.6291135339,-0.0803912,-3.7126347322,5.41259,5.50154,5.97903,7.02096,9.1214,11.7368,13.7224,16.4183,20.0851,24.8374,30.6956,37.5265,45.0777,53.0653,12.1901,7.27041,5.60521,4.87186,4.60831
0,0,-0.7,102.4946454105,-0.0671637,-3.676022729,5.34613,5.43492,5.9081,6.94043,9.02346,11.6216,13.5973,16.2844,19.9356,24.6667,30.5085,37.3303,44.8795,52.8709,12.379,7.37358,5.68435,4.94105,4.6744
0,0,-0.7,102.3111275747,-0.0543293,-3.6643974154,5.28177,5.36984,5.83811,6.85994,8.92352,11.5013,13.4645,16.1387,19.7674,24.4715,30.2913,37.0994,44.6434,52.6368,12.5792,7.47775,5.76286,5.00891,4.73866
0,0,-0.7,102.0808135607,-0.0420095,-3.6737079796,5.22011,5.30701,5.76996,6.78069,8.82347,11.3786,13.3273,15.9855,19.5856,24.2579,30.0509,36.8409,44.3767,52.3702,12.7869,7.58142,5.83974,5.0747,4.80045
0,0,-0.7,101.8312023424,-0.0302856,-3.6584730318,5.16131,5.24764,5.70622,6.70749,8.73278,11.2696,13.2072,15.854,19.429,24.0749,29.8459,36.6216,44.1514,52.146,12.9688,7.67594,5.91112,5.13654,4.85912
0,0,-0.7,101.5981555929,-0.018981,-3.6056291343,5.1044,5.19102,5.64644,6.64033,8.6524,11.1768,13.1081,15.7492,19.3055,23.9335,29.6905,36.4583,43.9863,51.9841,13.1172,7.76026,5.97705,5.19492,4.91546
0,0,0,101.3825705156,-0.00791397,-3.5033103313,5.04844,5.13646,5.59016,6.57911,8.58305,11.1023,13.0332,15.6746,19.2222,23.8433,29.5972,36.3661,43.8985,51.9028,13.2249,7.83348,6.03765,5.25037,4.97034
0,0,0,101.18058869,0.00296726,-3.3714440947,4.99329,5.08332,5.53616,6.5216,8.52046,11.0388,12.973,15.6173,19.1618,23.7829,29.5403,36.3158,43.8565,51.8693,13.3068,7.8995,6.09468,5.30379,5.02412
0,0,0,101.0117069886,0.013577,-3.2491462534,4.93959,5.03138,5.48312,6.46478,8.45789,10.9744,12.911,15.5541,19.0938,23.7126,29.4715,36.2519,43.7997,51.8206,13.3919,7.96471,6.15063,5.35603,5.0766
0,0,-0.7,100.9282017156,0.0240457,-3.2200686453,4.88704,4.97855,5.42664,6.40026,8.3786,10.8801,12.808,15.4327,18.9488,23.5442,29.2839,36.0524,43.596,51.619,13.5499,8.04567,6.21286,5.41058,5.12888
0,0,-0.7,100.8056256197,0.0343668,-3.1906529921,4.83523,4.92645,5.37095,6.33664,8.3004,10.787,12.7061,15.3107,18.8032,23.375,29.0956,35.8523,43.3917,51.417,13.7127,8.1253,6.27412,5.46432,5.18042
0,0,-0.7,100.6068451582,0.0442722,-3.0004825703,4.78484,4.8792,5.32458,6.28995,8.25529,10.7505,12.6786,15.2876,18.7887,23.3738,29.1112,35.8855,43.441,51.4792,13.7481,8.17127,6.32003,5.51041,5.22903
0,0,-0.7,100.3752162276,0.053817,-2.646623836,4.73569,4.83659,5.28737,6.26008,8.24354,10.7716,12.7258,15.3653,18.9081,23.5444,29.3355,36.1576,43.7493,51.8112,13.6543,8.18363,6.35069,5.54907,5.27512
0,0,-0.7,100.15091736,0.0629858,-2.2170143516,4.68839,4.79735,5.25564,6.23949,8.24952,10.8233,12.81,15.4928,19.0936,23.799,29.661,36.5441,44.1806,52.2702,13.5057,8.17928,6.37318,5.58332,5.31919
0,0,-0.7,99.9221423077,0.0716644,-1.8111425087,4.64388,4.7603,5.2256,6.21999,8.25555,10.8725,12.8877,15.611,19.266,24.0359,29.963,36.902,44.5793,52.7103,13.3768,8.17584,6.39464,5.61592,5.36119
0,0,0,99.680423359,0.0797524,-1.4563785011,4.60264,4.72543,5.19658,6.19971,8.25699,10.9085,12.9467,15.7032,19.4027,24.2255,30.2064,37.1912,44.902,53.1029,13.283,8.17722,6.41653,5.64716,5.40063
0,0,0,99.4396204549,0.0871807,-1.1062497221,4.5649,4.69396,5.17107,6.18339,8.26346,10.9477,13.0092,15.7991,19.543,24.4181,30.4513,37.4803,45.2227,53.5269,13.1891,8.17455,6.43489,5.67519,5.437
0,0,0,99.2739182323,0.0942087,-0.8073548291,4.52938,4.66361,5.14544,6.16492,8.2634,10.9709,13.0498,15.865,19.6431,24.5588,30.6328,37.6966,45.4644,53.8926,13.1294,8.17792,6.45474,5.7028,5.47163
0,0,-0.7,99.1820330813,0.101169,-0.6086473362,4.49439,4.6317,5.1155,6.1374,8.24382,10.9566,13.0404,15.8639,19.6549,24.5876,30.6807,37.7623,45.5447,54.0918,13.1394,8.19803,6.4816,5.73313,5.50618
0,0,-0.7,99.0690998043,0.108132,-0.4707266546,4.45948,4.59857,5.08264,6.10399,8.21124,10.918,12.9987,15.82,19.6107,24.5463,30.6453,37.7348,45.5256,54.1876,13.193,8.22847,6.51292,5.76532,5.54086
0,0,-0.7,98.901423152,0.114845,-0.3503785886,4.42585,4.56638,5.0503,6.07048,8.1752,10.8732,12.9485,15.7645,19.5513,24.4856,30.5867,37.6813,45.4785,54.2633,13.2583,8.26081,6.544,5.79672,5.57434
0,0,-0.7,98.6771954971,0.121056,-0.2313076456,4.39475,4.53674,5.02071,6.04013,8.14114,10.8306,12.9007,15.7116,19.4942,24.427,30.5298,37.6287,45.432,54.3543,13.3207,8.29138,6.57212,5.82553,5.60533
0,0,-0.7,98.4179792735,0.126801,0.0044737748,4.366,4.5118,4.99918,6.02387,8.1324,10.8317,12.9117,15.7377,19.5418,24.5009,30.6312,37.7543,45.5759,54.721,13.3012,8.30007,6.58886,5.84843,5.634
0,0,-0.7,98.1407735161,0.132164,0.4398029765,4.33929,4.49291,4.9893,6.02935,8.16538,10.9063,13.0221,15.8983,19.7678,24.8014,31.0034,38.1842,46.0449,55.5864,13.1495,8.27369,6.58892,5.86362,5.661
0,0,0,97.8539758424,0.137062,1.0428748604,4.31537,4.48015,4.99045,6.05417,8.23592,11.047,13.2219,16.1799,20.1532,25.3022,31.6117,38.8761,46.7916,56.9568,12.8982,8.2184,6.57487,5.87204,5.68633
0,0,0,97.5855067727,0.141443,1.7436996467,4.29467,4.47264,5.00002,6.09149,8.33196,11.2326,13.4826,16.543,20.6446,25.9328,32.3688,39.7292,47.7593,58.7507,12.6029,8.14718,6.55233,5.87589,5.71006
0,0,-0.7,97.3977084215,0.145363,2.4953572485,4.27703,4.46931,5.01574,6.13686,8.44461,11.448,13.7835,16.9599,21.2041,26.6437,33.214,40.6735,48.9318,60.9257,12.2988,8.06917,6.52611,5.87702,5.73267
0,0,-0.7,97.252459384,0.148869,3.214722949,4.26202,4.46806,5.03229,6.1816,8.5557,11.6608,14.081,17.3709,21.753,27.3358,34.0301,41.5792,50.1765,63.2912,12.0303,7.99782,6.50215,5.87787,5.7541
0,0,-0.7,97.0347628884,0.151869,3.9277402772,4.25014,4.46998,5.05078,6.22905,8.67176,11.8824,14.3898,17.7958,22.3163,28.0399,34.8535,42.4863,51.5558,65.967,11.7791,7.92814,6.4781,5.87724,5.77396
0,0,-0.7,96.7663972109,0.15431,4.6306449002,4.2416,4.47469,5.07133,6.27919,8.79247,12.1118,14.7085,18.2322,22.8906,28.7513,35.6781,43.3886,53.0802,68.997,11.5441,7.86012,6.45389,5.87507,5.79192
0,0,0,96.4121935135,0.155916,5.3355262277,4.23787,4.48309,5.09632,6.33545,8.92366,12.3578,15.0483,18.6937,23.4918,29.488,36.5239,44.3196,54.8048,22.685,11.3152,7.79002,6.42716,5.87036,5.80669
0,0,0,96.0778969255,0.156703,6.0309537515,4.23842,4.49594,5.12733,6.40113,9.07251,12.6338,15.4269,19.2035,24.1492,30.2849,37.43,45.4008,56.8406,20.1997,11.0818,7.71451,6.39655,5.8628,5.8186
0,0,0,95.8216497053,0.156999,6.6609781431,4.24178,4.5123,5.16323,6.47465,9.23678,12.9364,15.84,19.756,24.8549,31.1318,38.3843,46.6548,59.2306,18.6666,10.8494,7.63602,6.36348,5.85344,5.82849
0,0,0,95.6444700061,0.157046,7.2626411237,4.24663,4.52978,5.19995,6.54876,9.40166,13.2395,16.2525,20.3044,25.5496,31.9579,39.308,48.0042,61.8725,17.5756,10.6376,7.56213,6.33177,5.84406,5.83701
0,0,0,95.4659903834,0.156853,7.8148005509,4.25266,4.5476,5.23598,6.62049,9.5605,13.5307,16.6476,20.8263,26.2053,32.7309,40.166,49.4088,64.7182,16.7557,10.4507,7.49496,6.30235,5.83493,5.84429
0,0,-0.7,95.2705724576,0.156373,8.3239308477,4.26009,4.56613,5.27187,6.69065,9.7146,13.8119,17.0272,21.3247,26.8262,33.4569,40.9663,50.8815,67.8097,16.102,10.2833,7.43286,6.27439,5.82553,5.85001
0,0,-0.7,95.0228333442,0.155356,8.7657386035,4.26984,4.58582,5.30736,6.75751,9.85815,14.0705,17.3738,21.7754,27.3822,34.1009,41.7046,52.3585,71.0494,15.5873,10.138,7.37643,6.24751,5.81479,5.85237
0,0,-0.7,94.7063442342,0.153715,9.1994103586,4.28291,4.60898,5.34681,6.82942,10.0092,14.3391,17.7309,22.2356,27.9443,34.7464,42.5138,53.997,74.6852,15.1179,9.99434,7.31813,6.21822,5.80141,5.8518
0,0,-0.7,94.3450062215,0.151561,9.6871120338,4.29947,4.63716,5.39393,6.91446,10.1868,14.6533,18.1468,22.768,28.5897,35.4824,43.5183,56.0206,78.2435,14.6327,9.83586,7.25213,6.18432,5.78527,5.85003
0,0,0,93.9907798394,0.148964,10.2503868422,4.31957,4.67093,5.45017,7.01598,10.3993,15.029,18.6423,23.3985,29.3487,36.3421,44.7986,58.601,23.3608,14.1232,9.65929,7.17722,6.14552,5.76669,5.848
0,0,0,93.5523837477,0.145992,10.9464159718,4.34384,4.71232,5.51989,7.14334,10.6692,15.5075,19.2719,24.1953,30.301,37.4138,46.5456,62.1398,20.0213,13.5616,9.45361,7.08907,6.10023,5.74583,5.84756
0,0,0,93.1821057964,0.14231,11.8143897356,4.37496,4.7653,5.60945,7.30802,11.021,16.1314,20.0887,25.2204,31.5141,38.7844,48.9982,67.2092,17.9446,12.941,9.2119,6.98354,6.04591,5.72131,5.84848
0,0,0,92.9099109031,0.137996,12.7223559535,4.41106,4.82512,5.70952,7.49159,11.4135,16.8238,20.9877,26.3354,32.8174,40.4027,52.0061,73.4726,16.4516,12.3613,8.97089,6.87506,5.98899,5.69495,5.84866
0,0,0,92.6441559648,0.133107,13.5431752908,4.44984,4.88643,5.80962,7.6728,11.7976,17.4932,21.8472,27.3871,34.0304,42.1022,55.2943,78.4446,15.3875,11.8792,8.75757,6.77498,5.93434,5.66756,5.8451
0,0,0,92.3913227456,0.127729,14.1997849241,4.48919,4.94496,5.90169,7.83522,12.1346,18.0691,22.5769,28.2668,35.0314,43.7026,58.5609,82.0579,14.6462,11.5082,8.58331,6.68879,5.88432,5.63925,5.83558
0,0,0,92.0922490144,0.121988,14.7556685769,4.52919,5.00217,5.98934,7.98674,12.4432,18.5874,23.2256,29.0393,35.9005,45.2883,61.9627,84.9553,14.0717,11.2007,8.432,6.61062,5.83673,5.61,5.82194
0,0,0,91.7456380996,0.11539,15.1111888888,4.57016,5.05581,6.06579,8.11045,12.6787,18.9639,23.6855,29.5743,36.5218,46.5715,64.9335,21.6696,13.687,10.9801,8.31485,6.54412,5.79153,5.57696,5.79822
0,0,0,91.4206125561,0.107928,15.3442108241,4.61334,5.10899,6.1373,8.21914,12.8709,19.2541,24.0298,29.9644,37.0166,47.6724,67.6662,20.3016,13.3986,10.8047,8.21481,6.48235,5.74581,5.53975,5.76636
1,0,0,91.1388213843,0.0998197,15.5556322505,4.65956,5.16509,6.21157,8.33001,13.0622,19.5366,24.3607,30.3349,37.5309,48.8351,70.3964,19.3168,13.1266,10.6344,8.11479,6.41878,5.69756,5.49938,5.73048
1,0,0,90.900278227,0.0913402,15.8188490615,4.70896,5.22611,6.2939,8.45558,13.2844,19.87,24.754,30.778,38.1935,50.2939,73.0221,18.3754,12.8256,10.4451,8.0045,6.34981,5.64615,5.45731,5.69426
1,0,0,90.6490293537,0.0825279,16.1445182723,4.76166,5.29253,6.3854,8.59844,13.5437,20.2651,25.2227,31.3084,39.047,52.1473,75.6242,17.4583,12.4948,10.2358,7.88322,6.27521,5.59164,5.41383,5.65829
1,0,0,90.3683599833,0.073151,16.5557300819,4.81954,5.36717,6.49053,8.76662,13.8569,20.7481,25.798,31.9613,40.177,54.587,78.3166,16.5326,12.1239,9.99888,7.74653,6.19244,5.5324,5.36792,5.62217
1,0,0,90.0816014737,0.0632214,16.9624155248,4.88062,5.4455,6.60038,8.94155,14.1801,21.2411,26.3807,32.6199,41.4362,57.3818,80.764,15.7347,11.7689,9.76657,7.60952,6.10793,5.47099,5.31953,5.58312
1,0,0,89.7973516658,0.0527203,17.2569731273,4.94234,5.52177,6.70343,9.09894,14.456,21.6438,26.8463,33.1731,42.5785,60.0657,82.6508,15.1482,11.4803,9.57002,7.48753,6.02821,5.4098,5.26808,5.53741
1,0,0,89.5151836548,0.04167,17.4204379863,5.00389,5.59437,6.79664,9.23248,14.6701,21.9336,27.1683,33.5891,43.5113,62.4274,83.9975,14.7371,11.2577,9.41079,7.38195,5.95404,5.3491,5.21344,5.48441
1,0,0,89.2476191579,0.0301465,17.5672870692,5.0676,5.66899,6.89162,9.36693,14.8815,22.2139,27.4763,34.0246,44.4986,64.9944,85.2315,14.354,11.0417,9.2539,7.2761,5.87847,5.28648,5.15639,5.4283
1,0,0,88.9188263301,0.0179289,17.685832037,5.1343,5.74618,6.98846,9.50124,15.0856,22.4759,27.759,34.4632,45.5119,67.266,86.3284,14.0011,10.8342,9.10008,7.16984,5.80088,5.22104,5.09576,5.36751
1,0,0,88.615574316,0.004883,17.7347626327,5.20354,5.82423,7.08317,9.6263,15.2605,22.6814,27.9691,34.8337,46.4201,68.9409,87.1752,13.7079,10.6498,8.95847,7.06746,5.72275,5.15292,5.03067,5.29999
1,0,0,88.3624021551,-0.00873776,17.7732653965,5.27553,5.90501,7.18062,9.75374,15.4355,22.8829,28.1726,35.2274,47.3883,70.4231,87.9645,13.4199,10.4647,8.81485,6.96258,5.64203,5.08212,4.96265,5.22905
1,0,0,88.1387884166,-0.0226846,17.8180706961,5.3494,5.98808,7.28102,9.88543,15.617,23.0931,28.3857,35.6731,48.475,71.819,88.7473,13.127,10.2747,8.66731,6.85481,5.5592,5.00954,4.89302,5.15656
1,0,0,87.9021104616,-0.0369057,17.8470050648,5.42429,6.07178,7.38142,10.0154,15.792,23.2903,28.5831,36.1317,49.6113,73.0588,89.4606,12.8481,10.0896,8.52199,6.74737,5.47575,4.93591,4.82195,5.08209
1,0,0,87.6439854249,-0.0517379,17.9146713804,5.50348,6.16144,7.49068,10.1603,15.9951,23.5303,28.8496,36.7183,51.023,74.3739,90.262,12.5346,9.88384,8.36208,6.63098,5.3868,4.8584,4.74799,5.00556
1,0,0,87.3992906591,-0.0671647,17.9061343092,5.58361,6.24979,7.59465,10.2908,16.1604,23.7032,29.0528,37.2034,52.2634,75.3434,21.107,12.2734,9.70185,8.21579,6.51995,5.29861,4.77937,4.67069,4.9235
1,0,0,87.1644753111,-0.0831691,17.7810576225,5.66337,6.33403,7.68791,10.396,16.2641,23.7708,29.1342,37.4833,53.1064,75.8629,20.4204,12.0873,9.5565,8.0915,6.41864,5.21314,4.69962,4.59002,4.83494
1,0,0,86.9376086315,-0.0997337,17.5973100576,5.74427,6.41757,7.77723,10.4902,16.3392,23.7889,29.1606,37.6668,53.7568,76.1655,20.1558,11.9316,9.42496,7.9748,6.31979,5.1273,4.61805,4.50634,4.74191
0,0,0,86.9347667607,-0.116735,17.5042044159,5.82998,6.50914,7.88035,10.6104,16.4695,23.8965,29.3247,38.0863,54.9101,76.767,19.2944,11.7035,9.25427,7.83223,6.20672,5.03408,4.53243,4.42089,4.64939
0,0,0,87.0158429524,-0.134349,17.5274665024,5.92223,6.61159,8.00196,10.7651,16.6713,24.1184,29.6746,38.8327,56.7922,77.7322,18.059,11.3884,9.03547,7.6576,6.07575,4.93143,4.44144,4.3328,4.55695
0,0,0,86.9061880934,-0.152642,17.513027966,6.01688,6.71543,8.1232,10.9153,16.8576,24.311,30.0095,39.5594,58.6796,78.5433,17.1634,11.0913,8.82315,7.4855,5.94432,4.8268,4.34767,4.24118,4.45989
0,0,0,86.7474912791,-0.171346,17.4510912283,6.1122,6.81837,8.2408,11.0558,17.0195,24.462,30.308,40.227,60.2838,79.179,16.4855,10.8199,8.62257,7.31992,5.81516,4.72206,4.25262,4.14735,4.35947
0,0,0,86.597806215,-0.19021,17.3225194991,6.20627,6.9176,8.3504,11.1792,17.1434,24.5558,30.5331,40.7665,61.3838,79.5922,16.0066,10.5863,8.44146,7.16642,5.69172,4.61939,4.15789,4.05252,4.25662
0,0,0,86.4480408227,-0.209188,17.0971179025,6.29789,7.0107,8.44755,11.2771,17.2119,24.5709,30.631,41.0742,61.9509,79.7052,15.7548,10.4057,8.28841,7.03069,5.57707,4.52027,4.06417,3.9569,4.15104
0,0,0,86.2811898127,-0.228536,16.7609635641,6.38795,7.09814,8.53203,11.3479,17.2211,24.4942,30.5773,41.0961,62.0011,79.491,15.7419,10.2797,8.16346,6.91221,5.47031,4.42366,3.97036,3.85927,4.04136
0,0,0,86.139116889,-0.24851,16.3654507981,6.47943,7.18485,8.61233,11.4076,17.2041,24.3773,30.4523,40.9755,61.8032,79.1116,15.8574,10.1737,8.04677,6.79757,5.36387,4.32556,3.87421,3.75859,3.92772
0,0,0,86.0127167777,-0.268901,15.911496337,6.5713,7.26971,8.68725,11.4552,17.1608,24.2189,30.2549,40.7111,61.3716,78.5716,16.1571,10.0911,7.94028,6.68827,5.25898,4.22706,3.77678,3.65599,3.81145
0,0,0,85.9046791127,-0.289591,15.5061859927,6.66616,7.35922,8.76988,11.5172,17.1484,24.1199,30.1485,40.6071,61.1676,78.1843,16.3434,9.96983,7.81152,6.56382,5.14545,4.12396,3.67676,3.55219,3.69543
0,0,0,85.8075838477,-0.310424,15.1979919947,6.76451,7.45564,8.86532,11.6043,17.1897,24.1244,30.2057,40.8015,61.3764,78.0855,16.1701,9.78234,7.64718,6.41628,5.01974,4.0151,3.57407,3.4479,3.58114
0,0,0,85.7183346315,-0.331285,14.9499012695,6.86466,7.55587,8.96804,11.7059,17.2624,24.1975,30.3715,41.1962,61.8149,78.1601,15.7467,9.55359,7.46092,6.25463,4.88673,3.90291,3.46998,3.34357,3.46825
0,0,0,85.6332443419,-0.352268,14.6277271012,6.96325,7.65158,9.06142,11.7889,17.2969,24.2114,30.4377,41.3988,61.9486,78.0265,15.5676,9.361,7.29261,6.10386,4.75878,3.7926,3.36633,3.23873,3.35389
0,0,0,85.5514491114,-0.373197,14.2398919697,7.0597,7.74238,9.1455,11.8543,17.2973,24.171,30.412,41.4225,61.8307,77.7135,15.6337,9.20149,7.14095,5.96349,4.63603,3.68468,3.26385,3.1343,3.23932
0,0,0,85.4778349404,-0.393985,13.7899482132,7.15376,7.82813,9.22034,11.9028,17.2658,24.0785,30.2981,41.2731,61.4873,77.2348,16.0683,9.07436,7.00544,5.83322,4.51851,3.57939,3.1629,3.03079,3.1252
0,0,0,85.4159945676,-0.414562,13.3005849604,7.24579,7.91001,9.28856,11.94,17.2147,23.9555,30.1316,41.0192,61.0102,76.6554,17.3375,8.96837,6.88003,5.70929,4.40444,3.47611,3.06343,2.92855,3.01236
0,0,0,85.3635944643,-0.434845,12.8076693692,7.33641,7.98996,9.35428,11.9743,17.1616,23.8362,29.969,40.7684,60.5333,76.0743,18.9999,8.8643,6.7551,5.58584,4.29106,3.37383,2.96525,2.82795,2.90173
0,0,0,85.3013384565,-0.454696,12.3215719758,7.4252,8.06793,9.41797,12.0072,17.1103,23.7288,29.8242,40.5489,60.0924,75.5191,20.5697,8.75873,6.62943,5.46238,4.17853,3.27299,2.86891,2.72965,2.79411
0,0,0,85.2441902746,-0.473985,11.8458451186,7.51161,8.14348,9.47934,12.0385,17.061,23.635,29.7007,40.3682,59.6974,74.9981,21.9881,8.65205,6.50376,5.33974,4.06759,3.17423,2.775,2.63425,2.69014
0,0,0,85.184779134,-0.492685,11.3858173048,7.59561,8.21678,9.53887,12.0694,17.0159,23.5593,29.606,40.2403,59.3647,74.5247,23.1421,8.5417,6.37709,5.21741,3.9581,3.07759,2.68363,2.54186,2.58992
0,0,0,85.1256819377,-0.51073,10.9302585619,7.67661,8.28683,9.59485,12.0968,16.9689,23.4902,29.5215,40.131,59.0522,74.0675,24.1839,8.43635,6.25388,5.0983,3.85168,2.98393,2.59531,2.45281,2.49362
0,0,0,85.0654774901,-0.528104,10.4720642132,7.75439,8.35313,9.64642,12.119,16.9179,23.4207,29.436,40.0189,58.7342,73.6071,25.2251,8.34169,6.13674,4.98402,3.74914,2.89366,2.51028,2.36719,2.40121
0,0,0,85.0056629836,-0.544789,10.0088278358,7.82885,8.41552,9.69327,12.1355,16.8655,23.3484,29.3455,39.8966,58.4025,73.1368,26.3152,8.26078,6.02691,4.87536,3.65091,2.80701,2.42866,2.28508,2.31272
1,0,0,84.9406079679,-0.560765,9.5438152893,7.89997,8.47413,9.73575,12.1471,16.8132,23.2761,29.2547,39.7732,58.0681,72.6654,27.4069,8.19314,5.92411,4.77215,3.55698,2.72402,2.35054,2.20657,2.22826
1,0,0,84.9804593416,-0.576024,9.0766255031,7.96774,8.52894,9.77385,12.1538,16.7609,23.2035,29.1631,39.6482,57.7304,72.192,28.5077,8.14071,5.82893,4.67477,3.46753,2.64481,2.27597,2.1317,2.14782
1,0,0,84.9284051096,-0.590558,8.6098367874,8.03218,8.58009,9.80788,12.1561,16.7096,23.1326,29.0743,39.5279,57.397,71.7227,29.5751,8.10362,5.74117,4.5831,3.38256,2.56938,2.20497,2.06049,2.07143
1,0,0,84.8764516222,-0.604335,8.1420167477,8.09315,8.6274,9.83759,12.1536,16.6584,23.0619,28.9855,39.4076,57.0624,71.2535,30.6414,8.08583,5.66223,4.49799,3.30253,2.49804,2.13777,1.9931,1.99921
1,0,0,84.8170235936,-0.617342,7.6728789051,8.15058,8.67079,9.8629,12.1463,16.6069,22.9906,28.8959,39.2856,56.7251,70.783,31.7189,8.09087,5.59308,4.42005,3.22778,2.43094,2.07446,1.9296,1.93119
1,0,0,84.7505206714,-0.629627,7.2032826962,8.20475,8.71063,9.88429,12.1348,16.5561,22.9203,28.8076,39.1657,56.3889,70.3142,32.78,8.11996,5.53323,4.34876,3.15791,2.36781,2.01479,1.86974,1.8671
1,0,0,84.6911823099,-0.641135,6.7323686843,8.25539,8.74662,9.9014,12.1187,16.505,22.8494,28.7182,39.0438,56.0497,69.8439,33.8554,8.18013,5.48462,4.28535,3.09363,2.30908,1.9591,1.81379,1.80719
1,0,0,84.6322106906,-0.651864,6.2606525316,8.30253,8.77881,9.91435,12.0981,16.4538,22.7783,28.6286,38.9214,55.7092,69.3734,34.9369,8.27737,5.44806,4.23017,3.03512,2.25484,1.90743,1.76178,1.75145
1,0,0,84.5615627469,-0.661814,5.7895666325,8.3462,8.8073,9.92331,12.0733,16.4031,22.7081,28.5406,38.802,55.3713,68.9059,35.9933,8.419,5.42404,4.18341,2.98244,2.20513,1.85979,1.71371,1.69987
1,0,0,84.5019534574,-0.671013,5.3197813475,8.38654,8.8323,9.92859,12.0448,16.3533,22.64,28.4556,38.6881,55.0382,68.4434,37.0017,8.61529,5.41287,4.14504,2.93547,2.1598,1.81606,1.66942,1.65227
1,0,0,84.4359850004,-0.679463,4.850248164,8.42358,8.85382,9.93014,12.0125,16.3042,22.5727,28.372,38.5766,54.7065,67.9829,37.9855,8.85544,5.41614,4.11573,2.89448,2.11897,1.77625,1.62893,1.60861
1,0,0,84.3797180851,-0.687134,4.3774548506,8.45713,8.87153,9.9275,11.976,16.2537,22.5028,28.2841,38.4569,54.3656,67.5156,39.0408,9.10047,5.43725,4.09716,2.86025,2.08303,1.74065,1.5924,1.56904
1,0,0,84.3271770682,-0.694026,3.9049709344,8.48726,8.88566,9.92105,11.939,16.2036,22.4335,28.197,38.3388,54.0256,67.0499,40.0812,9.34466,5.47677,4.08932,2.83273,2.05198,1.70924,1.55985,1.53353
1,0,0,84.2692490971,-0.700138,3.4316848773,8.51396,8.89617,9.91074,11.9018,16.1531,22.3636,28.1091,38.2191,53.6833,66.5831,41.1373,9.58974,5.53736,4.09321,2.81228,2.02594,1.68208,1.53127,1.50208
1,0,0,84.205783768,-0.705472,2.9571383131,8.53724,8.90307,9.89659,11.8645,16.1022,22.2927,28.0195,38.0962,53.3373,66.1138,77.422,9.83652,5.62195,4.10977,2.79924,2.00505,1.65922,1.5067,1.47466
1,0,0,84.1393625155,-0.710028,2.4825917488,8.55712,8.90645,9.87875,11.8272,16.0513,22.2218,27.9301,37.9736,52.9909,65.6451,76.8903,10.0832,5.73337,4.13969,2.79376,1.98935,1.64069,1.48613,1.45126
1,0,0,84.0613681106,-0.713805,2.0095807115,8.5736,8.9064,9.85741,11.7901,16.0011,22.1523,27.8428,37.8551,52.6481,65.1804,76.3621,10.3277,5.8695,4.18378,2.79609,1.97894,1.62653,1.46957,1.43188
1,0,0,84.4275898252,-0.716823,1.5326964794,8.58678,8.90279,9.8322,11.7525,15.9496,22.0802,27.7512,37.7284,52.2962,64.7081,75.8267,10.5771,6.01005,4.24423,2.80686,1.97399,1.61677,1.457,1.4164
1,0,0,85.0063717574,-0.719108,1.0370765275,8.59676,8.89525,9.8021,11.7121,15.8915,21.9943,27.6372,37.5592,51.9012,64.1972,75.2554,10.8526,6.15903,4.32584,2.8275,1.97495,1.61155,1.44836,1.40469
1,0,0,85.5911728622,-0.720601,0.5227346066,8.60331,8.88354,9.76796,11.6686,15.8267,21.8944,27.5006,37.348,51.4645,63.6484,74.6484,11.1583,6.31817,4.4302,2.85929,1.98245,1.61129,1.44403,1.39706
1,0,0,86.148657599,-0.721297,0.0013113973,8.60649,8.86817,9.7332,11.6242,15.76,21.791,27.3585,37.1268,51.0172,63.0889,74.0303,11.4758,6.48139,4.54004,2.9018,1.9963,1.61592,1.44397,1.39351
1,0,0,86.6156887966,-0.721185,-0.5110892395,8.60622,8.84966,9.69929,11.5817,15.698,21.6977,27.233,36.9373,50.5992,62.5546,73.4341,11.7769,6.63971,4.64771,2.9542,2.01619,1.62532,1.44818,1.39413
1,0,0,87.2613171469,-0.720229,-1.0614272338,8.60242,8.82626,9.66217,11.5327,15.6214,21.574,27.0585,36.6558,50.0929,61.9396,72.7625,12.1489,6.82078,4.76657,3.02205,2.04437,1.64061,1.45722,1.3991
1,0,0,87.8306761374,-0.718404,-1.6000304795,8.59492,8.79959,9.62595,11.486,15.5505,21.4629,26.9047,36.4146,49.6238,61.3566,72.1188,12.5013,6.99628,4.88312,3.09253,2.07941,1.66117,1.47089,1.40854
1,0,0,88.3290991612,-0.71568,-2.0867638561,8.58334,8.77079,9.59385,11.4484,15.5012,21.3976,26.8258,36.3146,49.287,60.8933,71.5846,12.7514,7.141,4.98544,3.15805,2.12005,1.68652,1.48907,1.42257
1,0,0,88.9044970454,-0.712049,-2.5125116049,8.5674,8.74259,9.5666,11.4215,15.477,21.3855,26.8339,36.379,49.0988,60.5667,71.1767,12.8745,7.24703,5.06964,3.2171,2.16213,1.71652,1.5117,1.44118
1,0,0,89.6145088038,-0.707516,-2.9212253185,8.54723,8.71474,9.54071,11.3977,15.4606,21.3902,26.8697,36.4969,48.9499,60.2779,70.804,12.9567,7.34024,5.14792,3.27414,2.20362,1.75056,1.53914,1.46437
1,0,0,90.3456716423,-0.702098,-3.3522213607,8.52316,8.68622,9.51316,11.3705,15.4363,21.3787,26.8794,36.5591,48.7478,59.9416,70.3869,13.0742,7.44429,5.23138,3.33319,2.24593,1.78526,1.57019,1.49213
1,0,0,90.9869897774,-0.696075,-3.4219847018,8.49543,8.65652,9.48242,11.3366,15.3964,21.3343,26.8355,36.506,48.4504,59.5173,69.8874,13.2653,7.57154,5.32602,3.39644,2.28983,1.8207,1.6017,1.52234
1,0,0,91.5514750558,-0.690033,-3.4201512369,8.46524,8.62573,9.44879,11.2965,15.3423,21.2598,26.7425,36.3545,48.0693,59.0149,69.3139,13.5253,7.72086,5.43132,3.46375,2.33527,1.85686,1.63353,1.5526
1,0,0,92.0810557554,-0.683991,-3.4432700839,8.43518,8.59418,9.41311,11.2521,15.2781,21.1641,26.6146,36.1355,47.63,58.4571,68.6874,13.8374,7.8869,5.54472,3.53412,2.38188,1.89356,1.6656,1.58291
1,0,0,92.5033452299,-0.677948,-3.4689729706,8.40514,8.56256,9.37723,11.2073,15.213,21.0664,26.4835,35.9059,47.1841,57.8926,68.0534,14.1572,8.05539,5.65928,3.60493,2.42865,1.93034,1.6977,1.61322
1,0,0,93.0047074094,-0.671906,-3.5646511928,8.37573,8.52883,9.33569,11.1505,15.12,20.9101,26.2569,35.5137,46.586,57.1818,67.2794,14.6364,8.27426,5.79809,3.6849,2.4789,1.96873,1.73052,1.64365
1,0,0,93.4519706326,-0.665845,-3.6513454368,8.34617,8.49533,9.29487,11.0952,15.031,20.7623,26.0444,35.1446,46.0103,56.4903,66.5216,15.1094,8.49063,5.93565,3.76443,2.52903,2.00712,1.76338,1.67417
1,0,0,93.4477484546,-0.659717,-3.7071916331,8.31599,8.46242,9.25621,11.0449,14.9538,20.64,25.8739,34.8434,45.5026,55.8631,65.824,15.5225,8.68854,6.06465,3.84102,2.57826,2.04525,1.79631,1.70498
1,0,0,93.3893425497,-0.65351,-3.7459235801,8.28525,8.42964,9.21852,10.9971,14.8828,20.5312,25.7258,34.5762,45.0321,55.272,65.1601,15.9032,8.87707,6.1896,3.91645,2.62732,2.0835,1.8295,1.73616
1,0,0,93.334313457,-0.647211,-3.7680913171,8.2539,8.39688,9.18165,10.9515,14.8175,20.435,25.5986,34.3391,44.5959,54.7146,64.5283,16.2496,9.05606,6.3105,3.99078,2.67626,2.12193,1.86301,1.76777
1,0,0,93.2714314547,-0.640833,-3.7763992052,8.22202,8.36413,9.14544,10.9077,14.7569,20.3492,25.4886,34.1247,44.1874,54.185,63.923,16.5654,9.22653,6.42778,4.06413,2.7251,2.1605,1.89678,1.79975
1,0,0,93.209512049,-0.634387,-3.7791379434,8.18974,8.33119,9.10931,10.8644,14.6979,20.2671,25.3849,33.9153,43.789,53.6663,63.3281,16.8701,9.39436,6.54421,4.13746,2.77415,2.19934,1.93085,1.83205
1,0,0,93.1462053128,-0.627905,-3.7828564395,8.1573,8.29804,9.07289,10.8207,14.6382,20.1837,25.2794,33.6984,43.3879,53.1456,62.7313,17.1794,9.56405,6.66172,4.21137,2.82354,2.23843,1.96513,1.86454
1,0,0,93.0793348854,-0.621375,-3.7870161131,8.12461,8.26464,9.03617,10.7766,14.5779,20.0995,25.1726,33.4753,42.9849,52.6241,62.1335,17.4926,9.73548,6.78033,4.28591,2.87334,2.27783,1.99967,1.89727
1,0,0,93.293519214,-0.614813,-3.7910325473,8.09177,8.23108,8.99929,10.7323,14.5174,20.0149,25.0656,33.2474,42.5813,52.1024,61.5353,17.8072,9.90769,6.89949,4.36081,2.92337,2.31741,2.03437,1.93016
1,0,0,93.5775455526,-0.608222,-3.7733224218,8.05858,8.19798,8.96392,10.6914,14.4648,19.9472,24.986,33.0531,42.2164,51.6201,60.9752,18.0606,10.0615,7.01011,4.43265,2.97234,2.35658,2.06896,1.96315
1,0,0,93.8931287071,-0.601575,-3.6980128492,8.02458,8.16623,8.93266,10.6595,14.4334,19.9242,24.9793,32.9522,41.9541,51.2425,60.5184,18.1484,10.1649,7.09699,4.49586,3.01825,2.39446,2.10313,1.99628
1,0,0,94.3395555632,-0.594922,-3.578889194,7.99019,8.13571,8.90473,10.6347,14.4184,19.936,25.0294,32.9158,41.7652,50.941,60.1371,18.1105,10.2283,7.16458,4.55179,3.0614,2.43107,2.13674,2.02935
1,0,0,94.7927651136,-0.588293,-3.4891296259,7.95621,8.10447,8.87464,10.6052,14.3925,19.9246,25.0421,32.8174,41.5155,50.5794,59.6967,18.1542,10.3157,7.24332,4.61174,3.10599,2.46829,2.17057,2.06236
1,0,0,95.1131376847,-0.581732,-3.4478136392,7.923,8.07218,8.84116,10.5681,14.3487,19.8753,24.9925,32.6298,41.1746,50.1257,59.1649,18.3277,10.4431,7.3409,4.67848,3.15292,2.50643,2.20463,2.09513
1,0,0,95.3643534329,-0.575232,-3.4581669866,7.89053,8.03871,8.80403,10.523,14.2858,19.7854,24.8764,32.3533,40.741,49.5772,58.5383,18.6418,10.6148,7.45952,4.7529,3.20257,2.54569,2.23903,2.12771
1,0,0,95.7367991043,-0.568762,-3.5125349518,7.85857,8.00415,8.76372,10.471,14.2067,19.6612,24.704,32.0046,40.2314,48.9499,57.8319,19.0837,10.8268,7.59742,4.83448,3.25484,2.58609,2.27385,2.16025
0,0,0,96.2083966193,-0.562293,-3.5943819728,7.82686,7.96883,8.72138,10.4146,14.1177,19.516,24.4976,31.6135,39.6767,48.2748,57.0757,19.6165,11.067,7.7488,4.92112,3.30902,2.62737,2.30907,2.19285
0,0,0,96.2878666882,-0.555823,-3.6433755939,7.79487,7.93447,8.68158,10.3637,14.0412,19.3972,24.3343,31.2733,39.179,47.6581,56.3772,20.0592,11.2784,7.88624,5.00248,3.36119,2.66772,2.34388,2.22538
0,0,0,96.219218932,-0.549304,-3.6694279848,7.76244,7.9005,8.64326,10.3162,13.9728,19.2959,24.1977,30.9658,38.7201,47.0824,55.7193,20.437,11.4699,8.01439,5.08056,3.41228,2.70769,2.37864,2.25811
0,0,0,96.1531841971,-0.542774,-3.6824283972,7.72983,7.86684,8.60586,10.2706,13.9092,19.2046,24.0698,30.6755,38.2829,46.5299,55.0847,20.7756,11.6493,8.13683,5.15654,3.46262,2.74734,2.41329,2.29086
0,0,0,96.0895421944,-0.536182,-3.6878485779,7.69685,7.83308,8.56869,10.2259,13.8478,19.1185,23.9424,30.3926,37.8572,45.9903,54.463,21.0932,11.8228,8.25681,5.23188,3.51292,2.78713,2.44816,2.3239
0,0,0,96.025526953,-0.52959,-3.6913149726,7.66385,7.79937,8.53167,10.1815,13.7871,19.0338,23.8097,30.1099,37.4344,45.4545,53.8449,21.4094,11.9945,8.37589,5.30689,3.56309,2.82685,2.48301,2.35694
0,0,0,95.9599920517,-0.522968,-3.6957038293,7.63071,7.76549,8.49441,10.1367,13.7258,18.9481,23.6684,29.8228,37.0096,44.9172,53.2251,21.8404,12.168,8.49603,5.38243,3.61356,2.8668,2.51803,2.39013
0,0,0,95.8907895037,-0.516315,-3.7015938354,7.59742,7.73141,8.45687,10.0915,13.6638,18.8609,23.5182,29.5309,36.5822,44.3778,52.6028,22.5282,12.344,8.61754,5.45863,3.66439,2.90698,2.55323,2.42348
0,0,0,95.8192847615,-0.509662,-3.7068192105,7.56413,7.69735,8.41939,10.0464,13.6019,18.7742,23.3625,29.2376,36.1556,43.8399,51.9819,23.9322,12.5195,8.73879,5.53473,3.71518,2.94714,2.58843,2.45683
0,0,0,95.7486706482,-0.503009,-3.7089276952,7.53082,7.66337,8.38213,10.0018,13.5413,18.6899,23.2038,28.9459,35.7335,43.3075,51.3664,59.6369,12.6917,8.85848,5.61024,3.76574,2.9872,2.62358,2.49017
0,0,0,95.6821812675,-0.496356,-3.7080396106,7.49748,7.62947,8.34509,9.9577,13.4816,18.6079,23.0423,28.6555,35.3154,42.7801,50.7558,58.9694,12.8606,8.97658,5.68517,3.81608,3.02715,2.65869,2.5235
0,0,0,95.6180547534,-0.489704,-3.7057649682,7.46412,7.59561,8.30815,9.91377,13.4225,18.5268,22.8764,28.3645,34.8989,42.2552,50.1476,58.3039,13.0279,9.09392,5.7598,3.86632,3.06706,2.69377,2.55683
0,0,0,95.5555292986,-0.483051,-3.7031522806,7.43077,7.56176,8.27124,9.86989,13.3635,18.446,22.7052,28.0714,34.4825,41.731,49.54,57.6384,13.1947,9.21104,5.83436,3.91652,3.10695,2.72885,2.59016
0,0,0,95.4912064728,-0.476398,-3.7021782524,7.39743,7.52786,8.2342,9.82576,13.3038,18.3639,22.527,27.774,34.0634,41.2046,48.9298,56.9697,13.3634,9.32905,5.90924,3.96685,3.1469,2.76395,2.62349
0,0,0,95.4245451558,-0.469745,-3.7039429624,7.36411,7.4939,8.19697,9.78122,13.2433,18.2758,22.3413,27.4714,33.6404,40.6744,48.3153,56.2962,13.5353,9.44857,5.98469,4.01739,3.18695,2.7991,2.65683
0,0,0,95.3554387543,-0.463092,-3.7072890359,7.3308,7.45989,8.15963,9.73645,13.1822,18.1791,22.1495,27.165,33.2151,40.1422,47.6985,55.6196,13.7091,9.56903,6.06049,4.06806,3.22706,2.83428,2.69017
0,0,0,95.2847750921,-0.456439,-3.7094089798,7.29748,7.42591,8.12238,9.69186,13.1215,18.0763,21.9542,26.858,32.7913,39.6124,47.0839,54.9447,13.8816,9.68882,6.13605,4.11864,3.26713,2.86943,2.72351
0,0,-0.7,95.2154924906,-0.449786,-3.7088188332,7.26415,7.39201,8.08532,9.64767,13.0618,17.9685,21.7568,26.5521,32.3707,39.0867,46.4734,54.2735,14.0507,9.80707,6.21102,4.169,3.30709,2.90454,2.75684
0,0,-0.7,95.129231211,-0.443311,-3.6321799986,7.23108,7.36096,8.05454,9.61589,13.0296,17.9058,21.621,26.3256,32.0461,38.6697,45.9798,53.723,14.1215,9.87729,6.26716,4.21166,3.34304,2.9374,2.78905
0,0,-0.7,94.9926654378,-0.437506,-3.3475574843,7.19982,7.33878,8.04205,9.61941,13.075,17.9761,21.6584,26.3164,31.9807,38.5461,45.8028,53.5017,13.9249,9.8144,6.26975,4.23175,3.36681,2.9631,2.81728
0,0,-0.7,94.8039217276,-0.432544,-2.8593516062,7.17165,7.32658,8.049,9.65977,13.2013,18.1755,21.8624,26.5155,32.164,38.7046,45.9317,53.5996,13.4911,9.62709,6.2197,4.22873,3.37769,2.98092,2.84082
0,0,0,94.582311018,-0.428601,-2.1676826855,7.14812,7.32598,8.07742,9.74029,13.4166,18.5071,22.2353,26.9239,32.5955,39.1439,46.3643,54.0142,12.8636,9.3295,6.11926,4.20236,3.37509,2.99022,2.85904
0,0,0,94.3722083168,-0.425745,-1.2871668755,7.13052,7.33788,8.12817,9.86248,13.7268,18.9668,22.7703,27.5306,33.2599,39.8444,47.0778,54.7207,12.1122,8.94966,5.9766,4.15498,3.35989,2.99132,2.872
0,0,0,94.2658326537,-0.423804,-0.3335250351,7.11914,7.3588,8.19294,10.0097,14.0902,19.4813,23.3725,28.2173,34.0155,40.6449,47.8973,55.5362,11.3786,8.56048,5.82075,4.09825,3.33795,2.98732,2.88103
0,0,0,94.1929209715,-0.422229,0.3967451982,7.11132,7.37586,8.2444,10.127,14.3614,19.8393,23.7764,28.6606,34.4856,41.1259,48.3741,18.9598,10.8808,8.28895,5.70937,4.05746,3.32256,2.98529,2.88892
0,0,0,94.1152075886,-0.421057,0.8966617606,7.10616,7.38782,8.2803,10.2094,14.5313,20.0302,23.9705,28.8493,34.6595,41.2777,48.4997,17.435,10.5684,8.11564,5.63732,4.03115,3.313,2.98468,2.89507
0,0,0,94.0398435421,-0.420477,1.2149054384,7.10398,7.39662,8.30466,10.2642,14.6203,20.0892,23.9997,28.8386,34.6023,41.1731,48.3518,17.0248,10.3767,8.00739,5.59115,4.01365,3.30615,2.98355,2.89826
0,0,0,93.9657591616,-0.420508,1.401168288,7.10466,7.40381,8.32127,10.2994,14.6502,20.0531,23.9109,28.6857,34.3804,40.8854,48.008,17.1914,10.2668,7.94052,5.56106,4.00099,3.3001,2.98103,2.89833
0,0,0,93.8957379525,-0.421143,1.5046559249,7.10816,7.41107,8.33419,10.3236,14.6429,19.9587,23.7503,28.4467,34.0586,40.4861,47.5441,17.9716,10.2118,7.89544,5.53858,3.98975,3.29324,2.97647,2.89528
0,0,0,93.8275960993,-0.422284,1.5765907761,7.11411,7.41979,8.34731,10.3456,14.6197,19.8417,23.5631,28.1765,33.7008,40.0465,47.0362,54.4526,10.1834,7.85485,5.51637,3.97715,3.28451,2.96971,2.88967
0,0,0,93.7591996244,-0.423828,1.6422631986,7.12207,7.43039,8.36227,10.3694,14.5902,19.7187,23.3701,27.9007,33.3373,39.6004,46.5208,53.8855,10.1687,7.81122,5.49139,3.96222,3.27371,2.96096,2.88204
0,0,0,93.6903044325,-0.42572,1.7013580656,7.13174,7.44256,8.37872,10.3941,14.5542,19.5891,23.1708,27.6189,32.9675,39.1473,45.9975,53.3092,10.1704,7.76539,5.46421,3.94537,3.26114,2.95052,2.87267
0,0,0,93.6225608307,-0.427905,1.7406916182,7.14282,7.4555,8.39512,10.412,14.5063,19.4444,22.9547,27.3179,32.5761,38.6698,45.4472,52.7042,10.2008,7.72522,5.43738,3.92782,3.24753,2.93882,2.86179
0,0,0,93.5544328045,-0.430328,1.761547282,7.15502,7.46897,8.41126,10.4218,14.4471,19.2858,22.723,26.9996,32.165,38.1701,44.8722,52.0723,10.2639,7.69952,5.41117,3.90984,3.23315,2.92612,2.8497
0,0,0,93.4899813356,-0.432965,1.7650480541,7.16823,7.48288,8.42709,10.4238,14.3774,19.1144,22.4773,26.6658,31.7363,37.6503,44.2746,51.4156,10.364,7.68978,5.38559,3.89152,3.21808,2.91253,2.83652
0,0,0,93.4304581894,-0.435773,1.7594387973,7.18225,7.49732,8.44308,10.4196,14.3003,18.9354,22.2241,26.3242,31.2993,37.121,43.6659,50.7464,10.5015,7.6948,5.35977,3.87261,3.20231,2.89818,2.82247
1,0,0,93.3712718442,-0.438703,1.7518413769,7.19688,7.51232,8.45962,10.4102,14.218,18.7528,21.9684,25.9814,30.8616,36.591,43.0558,50.0748,10.6778,7.71381,5.33308,3.85298,3.18591,2.88322,2.8078
1,0,0,93.2730489541,-0.44173,1.7464154666,7.212,7.52791,8.47653,10.3963,14.1322,18.5689,21.7131,25.6408,30.4277,36.0654,42.45,49.4069,10.8976,7.74668,5.3063,3.83255,3.16889,2.86773,2.79265
1,0,0,93.2120066314,-0.444824,1.744129365,7.22747,7.54398,8.49006,10.378,14.043,18.3839,21.4585,25.3027,29.9978,35.5447,41.8493,48.7438,11.1707,7.79474,5.28604,3.81145,3.15139,2.85186,2.77717
1,0,0,93.1486360819,-0.447968,1.7432011734,7.24319,7.56035,8.4991,10.3549,13.9496,18.1965,21.2031,24.9654,29.5699,35.0265,41.251,48.0824,11.5148,7.8605,5.27405,3.78992,3.13358,2.83573,2.76144
1,0,0,93.0845065868,-0.451141,1.7425995677,7.25906,7.5769,8.50351,10.327,13.8518,18.0062,20.9459,24.6277,29.1426,34.5094,40.6536,47.4213,11.9568,7.94652,5.27105,3.76817,3.11558,2.81943,2.74556
1,0,0,93.0189016384,-0.454358,1.7422729817,7.27515,7.59369,8.50344,10.2942,13.7496,17.8131,20.6872,24.2896,28.716,33.9934,40.0571,46.7605,12.5404,8.05481,5.27734,3.74793,3.09733,2.80291,2.72947
1,0,0,92.9557465074,-0.457593,1.7429662607,7.29134,7.60842,8.49887,10.2568,13.6433,17.6174,20.4271,23.9516,28.2906,33.4792,39.4621,46.1007,13.3584,8.1881,5.2935,3.73371,3.07895,2.78629,2.71329
1,0,0,92.8966476727,-0.460828,1.7449143172,7.30753,7.61888,8.48979,10.2147,13.5329,17.4191,20.1656,23.6136,27.8663,32.9666,38.8688,45.4421,14.7018,8.34981,5.32022,3.72594,3.06142,2.76965,2.69711
1,0,0,92.8167498712,-0.464063,1.7470399906,7.32372,7.62507,8.47617,10.1679,13.4181,17.2178,19.9022,23.2747,27.4421,32.4545,38.2759,44.7832,51.7961,8.54454,5.35819,3.72487,3.04877,2.75301,2.68093
1,0,0,92.7578124746,-0.467297,1.7489307513,7.33983,7.627,8.45806,10.1163,13.2991,17.0134,19.6366,22.9348,27.0177,31.9427,37.6829,44.1236,51.0891,8.77778,5.40814,3.73067,3.04152,2.73873,2.66475
1,0,0,92.6990604479,-0.470282,1.3626082284,7.35325,7.62473,8.43548,10.0601,13.1755,16.8054,19.3682,22.5928,26.5919,31.4295,37.0881,43.4614,50.3784,9.0571,5.4709,3.74356,3.03974,2.7293,2.64938
1,0,0,92.637085323,-0.472426,0.8499771595,7.36285,7.61847,8.40867,9.99935,13.0477,16.5941,19.0973,22.2491,26.1649,30.9151,36.4915,42.7963,49.6638,9.39146,5.54693,3.7635,3.0433,2.72457,2.63817
1,0,0,92.5738568131,-0.473655,0.3358678595,7.36839,7.60803,8.37746,9.93404,12.9155,16.3793,18.8236,21.9035,25.7365,30.3994,35.8931,42.1286,48.9455,9.79512,5.63761,3.79102,3.05254,2.72481,2.63177
1,0,0,92.508232211,-0.47397,-0.177339032,7.36988,7.59351,8.34207,9.86453,12.7797,16.1622,18.5485,21.5575,25.3087,29.8849,35.2957,41.4612,48.2267,10.2859,5.74349,3.82621,3.06749,2.73002,2.63017
1,0,0,92.4448225442,-0.473373,-0.6877498894,7.36733,7.57499,8.30268,9.79115,12.6409,15.9435,18.273,21.2124,24.883,29.3732,34.7013,40.7964,47.5099,10.8924,5.86521,3.86914,3.08818,2.7402,2.63334
1,0,0,92.3839331442,-0.471867,-1.1950982874,7.36076,7.55251,8.25936,9.714,12.4991,15.7232,17.9971,20.8682,24.4595,28.8644,34.1101,40.1344,46.7953,11.6679,6.00392,3.92005,3.11469,2.75537,2.64127
1,0,-0.7,92.3004214049,-0.469405,-1.7008080261,7.3499,7.52579,8.21178,9.63263,12.3536,15.5005,17.7195,20.5234,24.0363,28.3565,33.5196,39.4728,46.0803,12.7343,6.16195,3.97967,3.14743,2.77584,2.6542
1,0,-0.7,92.6308947535,-0.466271,-2.1096076834,7.33576,7.4988,8.16769,9.56084,12.2297,15.3143,17.4893,20.2392,23.689,27.941,33.0374,38.9328,45.497,14.0865,6.31116,4.03803,3.18128,2.79867,2.67055
0,0,-0.7,93.0759936618,-0.462944,-2.2511053404,7.31973,7.47813,8.14029,9.52228,12.1706,15.2314,17.3901,20.1205,23.548,27.7765,32.8508,38.7278,45.2792,15.0073,6.39433,4.07608,3.20663,2.81842,2.68745
0,0,-0.7,93.1369079133,-0.459617,-2.1565042789,7.30267,7.46364,8.12815,9.51341,12.1686,15.2392,17.4058,20.1466,23.5875,27.8321,32.9238,38.8179,45.3842,14.8342,6.41239,4.09396,3.22311,2.8344,2.70392
0,0,-0.7,92.9256674513,-0.456414,-1.8980659358,7.28561,7.45414,8.12735,9.52604,12.2074,15.3115,17.5029,20.2754,23.7549,28.0432,33.1798,39.1152,45.7154,14.0285,6.38364,4.0968,3.23262,2.84709,2.7195
0,0,-0.7,92.728553224,-0.453339,-1.5408955055,7.26903,7.44813,8.13395,9.55239,12.2722,15.4248,17.6519,20.4695,24.0031,28.352,33.55,39.541,46.1855,13.1788,6.32776,4.09037,3.23771,2.85758,2.73434
0,0,-0.7,92.5404573987,-0.450417,-1.1463166607,7.25337,7.44419,8.14422,9.58515,12.3488,15.5566,17.8241,20.6924,24.2868,28.7029,33.9684,40.0197,46.7116,12.4626,6.26246,4.07995,3.2406,2.86678,2.74849
0,0,-0.7,92.3438053206,-0.44772,-0.7493256636,7.23915,7.44178,8.15631,9.62038,12.4293,15.6941,18.0031,20.9235,24.5798,29.0639,34.3969,40.5078,47.246,11.8819,6.1964,4.06799,3.2422,2.87486,2.76165
0,0,0,92.1357800575,-0.44534,-0.3453136417,7.22682,7.44151,8.17107,9.6593,12.5156,15.84,18.1924,21.1668,24.887,29.4405,34.8417,41.0121,47.7957,11.379,6.12742,4.05351,3.24183,2.88131,2.77335
0,0,0,91.9200556493,-0.44334,0.094106599,7.21671,7.44463,8.19092,9.70633,12.6161,16.0074,18.4082,21.4427,25.233,29.8623,35.3369,41.5703,48.4013,10.8967,6.04846,4.03389,3.23819,2.88541,2.78331
0,0,0,91.7904661993,-0.441624,0.5695693227,7.20844,7.45076,8.21556,9.76125,12.7307,16.1967,18.6512,21.752,25.6194,30.3306,35.8837,42.1835,49.0635,10.4364,5.96148,4.01003,3.23187,2.88769,2.79202
0,0,0,91.7159399537,-0.439542,0.8754852405,7.19846,7.44991,8.22627,9.79091,12.7982,16.3121,18.8014,21.945,25.8623,30.6267,36.2305,42.5734,49.4852,10.1982,5.91885,4.00224,3.23366,2.89433,2.80263
0,0,-0.7,91.6293326006,-0.43706,1.0306250227,7.18634,7.4422,8.2238,9.79691,12.8216,16.3584,18.8648,22.03,25.9725,30.7644,36.3948,42.7609,49.6904,10.1209,5.91404,4.00878,3.24289,2.90509,2.81518
0,0,-0.7,91.4993098325,-0.434547,1.1180411935,7.17395,7.43213,8.21617,9.79311,12.8262,16.3747,18.8902,22.0671,26.0239,30.8316,36.478,42.8581,49.799,10.1067,5.92411,4.02059,3.25454,2.91691,2.82783
0,0,-0.7,91.3172784797,-0.432336,1.2083679899,7.1631,7.42371,8.21046,9.7917,12.834,16.3952,18.9203,22.1095,26.0811,30.905,36.5675,42.9619,49.9139,10.0826,5.93006,4.02996,3.26434,2.92714,2.83899
0,0,-0.7,91.0985238156,-0.430522,1.2834140019,7.15421,7.41685,8.20585,9.7907,12.8407,16.4124,18.9456,22.1451,26.129,30.9665,36.6423,43.0485,50.0097,10.0624,5.93475,4.03756,3.27234,2.93552,2.84814
0,0,-0.7,90.8655955241,-0.429141,1.3439240747,7.14745,7.41174,8.2026,9.79042,12.8467,16.4272,18.9669,22.1747,26.1686,31.017,36.7035,43.1191,50.0876,10.0444,5.93758,4.04309,3.27832,2.94184,2.85512
0,0,0,90.6113144557,-0.428243,1.4350644712,7.14321,7.41017,8.20437,9.79772,12.8653,16.4601,19.0104,22.2313,26.2403,31.1047,36.8064,43.2348,50.2127,9.98894,5.92847,4.04282,3.28047,2.94528,2.85973
0,0,0,90.3598265109,-0.42778,1.6215851518,7.14145,7.41409,8.21581,9.82173,12.9143,16.5406,19.1133,22.3614,26.4016,31.2984,37.0301,43.4829,50.478,9.84642,5.89469,4.03238,3.27696,2.94524,2.86231
0,0,0,90.2037935107,-0.427649,1.9046950575,7.14175,7.42315,8.23664,9.8623,12.9942,16.6693,19.2767,22.5669,26.6545,31.6,37.3765,43.8653,50.8853,9.62881,5.83817,4.01267,3.26843,2.94231,2.86342
0,0,0,90.1209896631,-0.427336,2.0885400252,7.1409,7.42795,8.24901,9.88742,13.0448,16.7517,19.3818,22.6993,26.8179,31.7952,37.6007,44.1129,51.149,9.49982,5.80472,4.00167,3.26428,2.94163,2.86533
0,0,0,90.028005652,-0.426856,2.1248941973,7.13865,7.42675,8.24911,9.88969,13.0515,16.7643,19.3986,22.7215,26.8462,31.8299,37.6415,44.1588,51.1985,9.48415,5.80275,4.00249,3.26586,2.94364,2.86779
0,0,0,89.9326549135,-0.426301,2.0265116143,7.13548,7.42042,8.23837,9.87146,13.0186,16.7134,19.3352,22.6432,26.7513,31.7183,37.515,44.0206,51.0528,9.56824,5.8285,4.01353,3.27223,2.94772,2.87038
0,0,-0.7,89.8333429856,-0.425718,1.7627734117,7.13159,7.40826,8.21488,9.82887,12.9382,16.5864,19.1753,22.4437,26.5075,31.4293,37.185,43.658,50.6683,9.78242,5.88856,4.0369,3.28419,2.95406,2.87284
0,0,-0.7,89.7063339226,-0.425314,1.4192737543,7.12851,7.39451,8.18669,9.77639,12.8377,16.4265,18.9733,22.1909,26.1971,31.0598,36.7612,43.1908,50.1711,10.0738,5.96492,4.06524,3.29794,2.9606,2.87436
0,0,-0.7,89.5020106854,-0.425308,1.1753999984,7.12788,7.38636,8.1685,9.74141,12.7695,16.3171,18.8346,22.0164,25.982,30.8026,36.465,42.8627,49.8209,10.2896,6.01738,4.08364,3.3062,2.96388,2.8741
0,0,0,89.2403006645,-0.42575,1.1238796335,7.12997,7.38695,8.16716,9.73694,12.7587,16.2981,18.8097,21.9842,25.9413,30.7528,36.4066,42.7971,49.7499,10.3256,6.02353,4.08433,3.30539,2.96229,2.87183
0,0,0,88.9972357093,-0.426564,1.2747451505,7.13439,7.39614,8.18293,9.76376,12.8071,16.3728,18.9029,22.0997,26.0819,30.9192,36.5966,43.006,49.9716,10.1686,5.98159,4.067,3.29556,2.95606,2.86793
0,0,0,88.8752632171,-0.427547,1.4920393943,7.13989,7.40849,8.20473,9.80141,12.8758,16.4796,19.0364,22.2655,26.284,31.1584,36.8698,43.3062,50.2901,9.95807,5.92433,4.04363,3.28259,2.94813,2.86329
0,0,0,88.7939163394,-0.428085,1.492314414,7.14258,7.41129,8.20778,9.80496,12.8801,16.4846,19.0417,22.271,26.2895,31.1639,36.8748,43.3107,50.294,9.94486,5.91822,4.03971,3.27948,2.94535,2.8606
0,0,0,88.7147932059,-0.428258,1.2783605142,7.14288,7.405,8.19274,9.77528,12.8214,16.3897,18.9211,22.1191,26.102,30.9394,36.6161,43.0241,49.9878,10.1231,5.96155,4.0544,3.28562,2.94727,2.85946
0,0,-0.7,88.6385364886,-0.428161,0.9084704208,7.1416,7.39234,8.16486,9.72204,12.7182,16.2245,18.7117,21.8559,25.7775,30.5511,36.1684,42.5278,49.4573,10.4664,6.04307,4.08313,3.29874,2.95275,2.85957
0,0,-0.7,88.5304721873,-0.427937,0.5300157543,7.13996,7.37906,8.13612,9.66764,12.6133,16.0573,18.5,21.5899,25.4492,30.1574,35.7134,42.0223,48.9159,10.8613,6.1309,4.11408,3.31315,2.95915,2.86044
0,0,0,88.3342741105,-0.427966,0.3625602443,7.13996,7.37395,8.12427,9.64467,12.5685,15.9854,18.4087,21.4748,25.3067,29.986,35.5147,41.8007,48.6779,11.0479,6.16925,4.12703,3.31886,2.96137,2.86023
0,0,0,88.1110201148,-0.428348,0.43982303,7.14193,7.37833,8.13193,9.65779,12.5922,16.022,18.4545,21.5317,25.3763,30.0688,35.6098,41.906,48.7903,10.949,6.1468,4.11811,3.31391,2.9583,2.85835
0,0,0,88.0037013941,-0.428793,0.6231317093,7.14434,7.38642,8.14762,9.68611,12.6452,16.1053,18.5593,21.6628,25.5375,30.2616,35.8322,42.1527,49.0543,10.7374,6.09961,4.1005,3.30491,2.95341,2.85622
0,0,0,87.9273510664,-0.428628,0.5824459762,7.14347,7.38427,8.14376,9.67936,12.6329,16.0862,18.5353,21.6329,25.5009,30.218,35.7821,42.0974,48.9952,10.7851,6.1108,4.10488,3.30729,2.95484,2.85701
0,0,0,87.8511752929,-0.427898,0.3409012937,7.1396,7.37292,8.12234,9.64124,12.5622,15.9755,18.3963,21.4593,25.2876,29.9632,35.4883,41.7715,48.6466,11.075,6.17511,4.12926,3.32003,2.96204,2.86057
0,0,-0.7,87.7807925138,-0.426694,-0.0422378757,7.13347,7.35496,8.08853,9.58124,12.4513,15.8021,18.1784,21.1871,24.9529,29.5625,35.0255,41.2569,48.0951,11.5915,6.28079,4.16892,3.34078,2.97384,2.86653
0,0,-0.7,87.6805442026,-0.425222,-0.4272964537,7.12629,7.3359,8.05361,9.52018,12.3396,15.6285,17.9608,20.9155,24.6189,29.1623,34.5622,40.7409,47.5411,12.2113,6.39435,4.21164,3.36353,2.98727,2.87397
0,0,-0.7,87.496668289,-0.423921,-0.6036568738,7.11996,7.32408,8.03432,9.48855,12.2843,15.5445,17.8565,20.7864,24.4614,28.9745,34.3458,40.5006,47.2837,12.5625,6.45563,4.23624,3.37777,2.99675,2.88056
0,0,-0.7,87.2530922368,-0.42295,-0.5248110057,7.11502,7.3214,8.03432,9.49279,12.2971,15.5683,17.8884,20.8288,24.5161,29.0431,34.4281,40.5952,47.3879,12.4618,6.44735,4.23694,3.38057,3.00059,2.88537
0,0,0,87.0052864461,-0.422355,-0.2127879307,7.11181,7.32755,8.05249,9.53053,12.3731,15.6921,18.0468,21.0299,24.7675,29.3485,34.7859,40.9978,47.824,11.9818,6.37559,4.21541,3.37254,2.99895,2.88825
0,0,0,86.7968313294,-0.422105,0.2500806077,7.11059,7.34032,8.08353,9.59159,12.4929,15.885,18.2922,21.34,25.1528,29.814,35.3282,41.6048,48.4784,11.3605,6.26556,4.17953,3.35719,2.9934,2.8895
0,0,0,86.6938920047,-0.421973,0.6889072641,7.11033,7.3534,8.11419,9.6513,12.6098,16.0728,18.5308,21.6411,25.5259,30.2632,35.8493,42.186,49.1026,10.8592,6.16447,4.14562,3.34239,2.98781,2.89035
0,0,0,86.618076438,-0.421395,0.8154449932,7.10762,7.35448,8.12012,9.66525,12.6397,16.1228,18.5954,21.7237,25.6293,30.3887,35.9958,42.3501,49.2796,10.7423,6.14239,4.13996,3.34133,2.98903,2.89333
0,0,0,86.5435853928,-0.420493,0.6689511441,7.10289,7.34514,8.10445,9.63896,12.5928,16.0508,18.5057,21.6126,25.4939,30.2282,35.8121,42.1476,49.0643,10.9226,6.18641,4.1581,3.35173,2.99576,2.89775
0,0,0,86.4717457366,-0.41935,0.3496509322,7.09687,7.32923,8.07521,9.58752,12.498,15.9029,18.3201,21.3809,25.2095,29.8887,35.4211,41.7143,48.6013,11.3231,6.27468,4.19198,3.36976,3.00625,2.90331
0,0,0,86.4021427693,-0.417885,-0.0534667026,7.08943,7.30938,8.03867,9.52336,12.3801,15.719,18.0893,21.0927,24.8553,29.4649,34.9317,41.1705,48.0187,11.9036,6.39037,4.23577,3.39299,3.01979,2.91058
0,0,-0.7,86.3311367135,-0.415981,-0.4874020183,7.08013,7.28676,7.99816,9.45336,12.253,15.522,17.8424,20.7849,24.4769,29.0116,34.4072,40.5865,47.3919,12.6726,6.52423,4.28647,3.42038,3.03632,2.92021
0,0,-0.7,86.2215740525,-0.41379,-0.8429011307,7.06963,7.26531,7.96198,9.39289,12.1458,15.358,17.6379,20.5308,24.1654,28.6388,33.9758,40.106,46.8759,13.4973,6.64642,4.33374,3.44693,3.05336,2.93139
0,0,-0.7,86.0461346418,-0.411734,-0.9867593739,7.0596,7.25074,7.94099,9.36124,12.094,15.2821,17.5452,20.4176,24.0287,28.4776,33.7914,39.9026,46.6593,13.9648,6.7121,4.36207,3.46473,3.06641,2.94179
0,0,-0.7,85.8506005428,-0.409844,-0.9732604883,7.05013,7.24144,7.93143,9.35099,12.0829,15.2708,17.5343,20.4077,24.0206,28.472,33.7892,39.9041,46.6647,14.0312,6.73253,4.37534,3.47545,3.07606,2.95123
0,0,-0.7,85.6470221515,-0.408166,-0.8617915492,7.04154,7.23598,7.92956,9.35474,12.0979,15.3008,17.5755,20.4632,24.0936,28.5645,33.9016,40.0345,46.8093,13.8246,6.72299,4.37828,3.48106,3.08302,2.95952
0,0,-0.7,85.4429620476,-0.406817,-0.6670088172,7.03451,7.2346,7.93512,9.37146,12.1367,15.3676,17.6629,20.5766,24.238,28.743,34.1139,40.2764,47.074,13.4271,6.68671,4.37143,3.48149,3.08692,2.96613
0,0,-0.7,85.2159976655,-0.4059,-0.3718083561,7.02963,7.23843,7.95002,9.40434,12.2049,15.4802,17.8078,20.7618,24.4706,29.0273,34.4484,40.6543,47.4846,12.8682,6.61909,4.35273,3.47555,3.08702,2.97056
0,0,-0.7,84.9676364324,-0.405506,0.0793529358,7.02754,7.2498,7.9789,9.46192,12.3188,15.6645,18.0429,21.0598,24.8421,29.4776,34.9745,41.2446,48.1221,12.136,6.50737,4.31731,3.46084,3.08212,2.97247
0,0,-0.7,84.7134081775,-0.405645,0.7122266464,7.02871,7.27006,8.02437,9.54912,12.4882,15.9361,18.388,21.4952,25.382,30.128,35.7295,42.0867,49.0268,11.3025,6.35067,4.26411,3.43679,3.07202,2.97202
0,0,-0.7,84.4698887397,-0.406297,1.4874098953,7.0336,7.29857,8.08459,9.66235,12.7063,16.2846,18.8297,22.0505,26.0671,30.9481,36.6751,43.1346,50.1461,10.4857,6.16569,4.19804,3.40561,3.0578,2.96957
0,0,-0.7,84.2349414263,-0.407466,2.3183992335,7.04247,7.33311,8.15413,9.79105,12.9527,16.6772,19.326,22.6719,26.8294,31.8545,37.7124,44.276,51.3578,9.77077,5.97625,4.12698,3.37078,3.04091,2.96523
0,0,0,84.005287036,-0.409152,3.1362334607,7.05518,7.37147,8.22807,9.92576,13.209,17.084,19.8386,23.311,27.6085,32.7741,38.7567,45.4168,52.5615,9.17576,5.7971,4.05635,3.33477,3.02231,2.95891
0,0,0,83.7756041697,-0.411472,3.8956660998,7.07192,7.41248,8.30332,10.0601,13.4619,17.483,20.3395,23.9319,28.3603,33.6544,39.7485,46.4925,14.3198,8.68798,5.63366,3.98822,3.29823,3.00188,2.94983
0,0,0,83.6337839182,-0.414373,4.5349437597,7.09165,7.45309,8.37392,10.1829,13.6896,17.839,20.7838,24.4792,29.018,34.4183,40.6024,47.4121,12.6968,8.30804,5.49413,3.92638,3.26304,2.98037,2.93782
1,0,0,83.5370610057,-0.417415,4.9086955886,7.1103,7.48439,8.42381,10.2653,13.8369,18.0647,21.0626,24.819,29.4221,34.8829,41.1169,47.9618,11.9749,8.08087,5.40243,3.88196,3.23535,2.96118,2.92422
1,0,0,83.4927286982,-0.420636,5.1214004405,7.12852,7.5102,8.46114,10.3229,13.9343,18.2089,21.238,25.0295,29.6688,35.1627,41.4231,48.2856,11.5715,7.93292,5.33678,3.84693,3.21143,2.94276,2.90904
1,0,0,83.3900891229,-0.424032,5.2638205596,7.147,7.53407,8.49346,10.3701,14.0103,18.3179,21.3684,25.1837,29.8468,35.362,41.6385,48.511,11.2839,7.81654,5.28135,3.81529,3.18859,2.92418,2.89267
1,0,0,83.2763452944,-0.427597,5.3431752143,7.1657,7.55618,8.52125,10.4079,14.0667,18.3946,21.4579,25.2866,29.9626,35.4883,41.7721,48.6478,11.0814,7.72605,5.23448,3.78646,3.1666,2.90534,2.87516
1,0,0,83.1609959626,-0.431401,5.3250468296,7.18459,7.57539,8.54176,10.4307,14.0923,18.4208,21.4829,25.3092,29.9811,35.5013,41.7786,48.6477,10.9889,7.67266,5.2003,3.7619,3.14593,2.88618,2.85596
1,0,0,83.0486701824,-0.435433,5.1817901921,7.20335,7.59043,8.5524,10.4337,14.0776,18.3811,21.4247,25.2282,29.8744,35.3685,41.6221,48.4718,11.0338,7.66696,5.18283,3.74321,3.12733,2.867,2.83502
1,0,0,82.9457406356,-0.439776,4.9023013797,7.22237,7.60135,8.5528,10.4158,14.0201,18.2718,21.2781,25.0371,29.6342,35.0797,41.2901,48.1062,11.2388,7.71346,5.18305,3.7305,3.11064,2.84749,2.81193
1,0,0,82.8558288154,-0.444367,4.5088799096,7.24175,7.60898,8.54489,10.3809,13.9283,18.1065,21.0606,24.7573,29.2861,34.6638,40.8146,47.5843,11.6149,7.80772,5.19872,3.72294,3.09566,2.82785,2.78723
1,0,0,82.823756365,-0.449094,4.0646313536,7.26169,7.61556,8.53383,10.3394,13.8232,17.9198,20.8157,24.4429,28.8951,34.1964,40.2794,46.9959,12.135,7.92878,5.22186,3.71766,3.08138,2.8081,2.76183
1,0,0,82.750812613,-0.453741,3.6131176927,7.28156,7.62182,8.52223,10.2973,13.7177,17.7329,20.5709,24.1285,28.5034,33.7269,39.7402,46.4014,12.8023,8.06315,5.24804,3.71353,3.06782,2.78895,2.73701
1,0,0,82.6791945037,-0.458098,3.1657923533,7.30038,7.62713,8.5099,10.255,13.6135,17.5498,20.3314,23.8211,28.1199,33.2664,39.2099,45.8154,13.7114,8.21056,5.27769,3.71135,3.05588,2.77135,2.71386
1,0,0,82.6091874678,-0.462033,2.7117347598,7.31744,7.63039,8.49517,10.2099,13.5064,17.3638,20.0891,23.5107,27.7331,32.8015,38.6737,45.2218,15.3338,8.38121,5.31427,3.71279,3.04663,2.75611,2.693
1,0,0,82.5401574279,-0.465454,2.238947176,7.33223,7.63071,8.47662,10.1597,13.3921,17.1686,19.8361,23.1878,27.3312,32.3186,38.1163,44.604,51.6024,8.58764,5.36131,3.71938,3.041,2.74385,2.67487
1,0,0,82.4751322941,-0.468301,1.7454815454,7.34453,7.6278,8.45389,10.1039,13.27,16.9633,19.5714,22.8511,26.9129,31.8159,37.5356,43.9593,50.9124,8.83902,5.42054,3.73185,3.03946,2.73492,2.65979
1,0,0,82.4145552985,-0.470494,1.2405395701,7.354,7.62165,8.42734,10.0435,13.1424,16.7519,19.3003,22.5074,26.4865,31.3033,36.9427,43.3001,50.2059,9.14016,5.49204,3.7504,3.04228,2.72969,2.64818
1,0,0,82.8321446075,-0.471976,0.748655303,7.36044,7.6128,8.39858,9.98191,13.016,16.5452,19.0363,22.1736,26.073,30.8062,36.3668,42.6588,49.5174,9.48406,5.57239,3.77392,3.04911,2.72818,2.64035
1,0,0,83.441511962,-0.472687,0.2892995688,7.36352,7.60157,8.36865,9.92128,12.8954,16.3506,18.789,21.8621,25.6875,30.3428,35.8297,42.0599,48.8735,9.86334,5.65866,3.80154,3.05971,2.73044,2.6366
1,0,0,84.0447554256,-0.472582,-0.1701948212,7.36294,7.58661,8.33487,9.85667,12.771,16.153,18.5394,21.5489,25.301,29.8787,35.2915,41.4594,48.2274,10.319,5.7585,3.83603,3.07542,2.73713,2.6371
1,0,0,84.6179496705,-0.47165,-0.6702059217,7.3587,7.56669,8.29437,9.7826,12.6323,15.9357,18.2662,21.2073,24.8804,29.3738,34.7058,40.805,47.5225,10.9271,5.88229,3.8808,3.09778,2.74893,2.64194
1,0,0,85.2347389162,-0.469871,-1.2270005774,7.35085,7.54139,8.24618,9.69722,12.4759,15.6931,17.9624,20.8285,24.4144,28.8142,34.0557,40.0774,46.7371,11.7988,6.03686,3.93782,3.12769,2.76628,2.65128
1,0,0,85.9365905026,-0.467205,-1.8205848532,7.33931,7.5113,8.19176,9.60346,12.3075,15.4345,17.6399,20.4274,23.9213,28.2217,33.366,39.3034,45.8999,13.1395,6.22166,4.00656,3.16498,2.78923,2.66538
1,0,0,86.7039627573,-0.463584,-2.4108230554,7.32367,7.47726,8.13354,9.50631,12.137,15.1759,17.3188,20.0293,23.4328,27.6347,32.6818,38.5342,45.066,16.1601,6.43054,4.08484,3.20883,2.81763,2.68457
1,0,0,87.4328180065,-0.458936,-2.9605073049,7.30334,7.4398,8.07346,9.40984,11.9725,14.9303,17.0158,19.6553,22.9755,27.0859,32.0422,37.8146,44.2852,51.2755,6.65577,4.17027,3.25834,2.85129,2.70911
1,0,0,88.0863682014,-0.453222,-3.47536145,7.278,7.39846,8.01079,9.31283,11.8117,14.694,16.7262,19.3,22.5425,26.5676,31.4386,37.1354,43.5478,50.5012,6.90019,4.26372,3.31398,2.89049,2.73917
1,0,-0.7,88.7117727574,-0.446441,-3.9832713467,7.24777,7.35252,7.94371,9.21178,11.6479,14.4563,16.4364,18.946,22.1125,26.0535,30.84,36.4615,42.8157,49.7318,7.17461,4.368,3.37698,2.93575,2.77484
1,0,-0.7,89.258214592,-0.438883,-4.3979323622,7.2133,7.30523,7.87875,9.1182,11.5019,14.2491,16.1863,18.6433,21.7476,25.62,30.3376,35.8978,42.2049,49.0915,7.44439,4.47217,3.44182,2.9839,2.81429
1,0,-0.7,89.7083848858,-0.43115,-4.5339468132,7.17573,7.26319,7.8292,9.05572,11.4162,14.138,16.0583,18.4953,21.5774,25.4266,30.1229,35.6663,41.9631,48.8464,7.61937,4.5506,3.496,3.02784,2.85365
1,0,-0.7,90.2013891626,-0.423257,-4.4182150681,7.13516,7.22562,7.79309,9.02049,11.3836,14.1115,16.0378,18.484,21.5794,25.4467,30.1651,35.7329,42.0537,48.9583,7.69722,4.60387,3.53982,3.06767,2.89276
1,0,-0.7,90.7633192064,-0.415113,-4.1225000909,7.09192,7.19059,7.76582,9.00387,11.388,14.1446,16.0935,18.57,21.7048,25.6201,30.3921,36.0138,42.3832,49.3267,7.70575,4.63971,3.57683,3.10518,2.93243
0,0,-0.7,91.3827322705,-0.406745,-3.7100793404,7.04689,7.15712,7.74419,8.9993,11.4167,14.2174,16.2002,18.7216,21.9134,25.8967,30.7432,36.438,42.8712,49.8642,7.67216,4.66465,3.60972,3.14152,2.97284
0,0,-0.7,91.4940652006,-0.398461,-3.2839820873,7.00257,7.12463,7.72405,8.9972,11.4501,14.2977,16.3166,18.8855,22.1375,26.1923,31.1161,36.8859,43.3838,50.4261,7.63414,4.68728,3.64133,3.17714,3.01292
0,0,-0.7,91.2416325492,-0.390682,-2.8892370848,6.96131,7.09425,7.70507,8.995,11.4811,14.3731,16.4261,19.04,22.3488,26.4706,31.4665,37.3056,43.8628,50.9498,7.60235,4.70893,3.67113,3.21066,3.05069
0,0,-0.7,90.960451843,-0.383458,-2.3847993124,6.92265,7.06962,7.69605,9.00971,11.5426,14.4957,16.5952,19.2694,22.6531,26.8618,31.949,37.874,44.5023,51.6411,7.52586,4.71481,3.69259,3.2392,3.08553
0,0,-0.7,90.6719415074,-0.376718,-1.6990203978,6.8863,7.05252,7.70153,9.05042,11.6528,14.6953,16.8618,19.622,23.111,27.4394,32.6497,38.687,45.4059,52.6076,7.38735,4.69917,3.7033,3.26196,3.11786
0,0,-0.7,90.3964343853,-0.370378,-0.8638828452,6.85259,7.04239,7.71996,9.11438,11.8068,14.9652,17.2177,20.0873,23.7087,28.1847,33.5434,39.713,46.5351,16.3884,7.20845,4.66739,3.70575,3.28035,3.14849
0,0,0,90.1313495006,-0.364423,0.0356535593,6.82212,7.0374,7.74661,9.1923,11.9872,15.2773,17.6272,20.6199,24.3879,29.0247,34.5414,40.8483,47.7746,13.7986,7.02222,4.62903,3.70412,3.29626,3.17789
0,0,0,89.8795057488,-0.358945,0.8952866619,6.79547,7.03516,7.77526,9.27172,12.1692,15.5916,18.039,21.1537,25.0656,29.8572,35.5229,41.9562,48.9756,12.5069,6.85712,4.59323,3.70223,3.31101,3.20568
0,0,0,89.687702756,-0.35401,1.6538082982,6.77258,7.03382,7.80159,9.34416,12.3357,15.8799,18.4167,21.6428,25.6842,30.6132,36.4085,42.9493,50.0461,11.6912,6.72383,4.56431,3.70192,3.32511,3.23138
0,0,0,89.548045209,-0.349368,2.2083626889,6.75134,7.02819,7.81596,9.39213,12.4533,16.0884,18.6922,22.0014,26.139,31.1689,37.0584,43.6766,50.8284,11.2306,6.6439,4.55167,3.70807,3.34105,3.25572
0,0,0,89.3978987546,-0.345093,2.636700207,6.73185,7.02064,7.82367,9.42565,12.5408,16.2472,18.9037,22.2781,26.4908,31.5991,37.5611,44.2384,51.432,10.9338,6.59257,4.54732,3.71697,3.35708,3.27821
0,0,0,89.2441996358,-0.341178,3.0305284771,6.71431,7.01407,7.83125,9.45734,12.6233,16.3968,19.1026,22.5379,26.8204,32.0006,38.0288,44.7592,51.9899,10.6854,6.54702,4.5435,3.72518,3.37186,3.299
0,0,0,89.0882231257,-0.337522,3.4461978983,6.69847,7.00991,7.84241,9.49477,12.7161,16.5626,19.3219,22.8226,27.1793,32.4354,38.532,45.3168,52.5844,10.4351,6.49564,4.53644,3.73129,3.38517,3.31876
0,0,0,88.9236932843,-0.334125,3.8425815601,6.6841,7.00671,7.85399,9.53189,12.8074,16.7251,19.5363,23.1005,27.5284,32.8566,39.0177,45.853,53.1544,10.2135,6.4475,4.52942,3.73674,3.39752,3.33733
0,0,0,88.7493977025,-0.331056,4.1551873331,6.67102,7.00236,7.86116,9.55912,12.8775,16.852,19.7047,23.3193,27.8039,33.189,39.4008,46.2756,53.6033,10.0578,6.41477,4.52681,3.74334,3.40935,3.35407
0,0,0,88.5677745955,-0.32844,4.3319104354,6.65928,6.99536,7.86023,9.56874,12.9102,16.9162,19.7922,23.4354,27.9522,33.37,39.6111,46.509,53.8526,9.99071,6.40579,4.53151,3.75208,3.42057,3.36801
0,0,0,88.3878857928,-0.326369,4.3776210083,6.64927,6.98625,7.85193,9.56178,12.9071,16.9195,19.8008,23.4511,27.9765,33.4036,39.6537,46.5593,53.9089,10.0005,6.41786,4.54235,3.76218,3.43058,3.37862
0,0,0,88.2133246035,-0.324883,4.3231957474,6.64138,6.97641,7.83895,9.54326,12.8778,16.8775,19.7505,23.3913,27.9071,33.3255,39.5689,46.4705,53.8186,10.0653,6.44431,4.55676,3.7724,3.43881,3.38581
0,0,0,88.0507943487,-0.323976,4.2335966074,6.63614,6.96828,7.82653,9.52326,12.8425,16.8234,19.6834,23.3091,27.8088,33.212,39.4428,46.3356,53.6789,10.1435,6.47215,4.56988,3.78057,3.44452,3.38994
0,0,0,87.9011322939,-0.323489,4.1783004506,6.63328,6.96365,7.81929,9.51144,12.8214,16.7909,19.6429,23.2594,27.7491,33.1427,39.3657,46.2529,53.5931,10.191,6.48868,4.5775,3.78521,3.44768,3.39212
0,0,0,87.7599100561,-0.323272,4.1578802348,6.63204,6.96175,7.81642,9.50683,12.8133,16.7785,19.6276,23.2406,27.7267,33.1168,39.3369,46.2221,53.5612,10.2095,6.49518,4.58058,3.78714,3.44904,3.39312
0,0,0,87.621667063,-0.32328,4.1141922029,6.63175,6.96016,7.81298,9.50018,12.7999,16.7566,19.5997,23.2055,27.6836,33.066,39.2795,46.1597,53.4958,10.2397,6.50423,4.5839,3.7886,3.44953,3.39288
1,0,0,87.483674102,-0.323569,3.9764817968,6.63218,6.95654,7.80373,9.48107,12.7603,16.6906,19.5147,23.0978,27.551,32.9089,39.101,45.9653,53.2913,10.3316,6.53015,4.59258,3.79175,3.44976,3.39082
1,0,0,87.4248560311,-0.324188,3.7168631607,6.63347,6.95022,7.78689,9.44589,12.6869,16.568,19.3568,22.8975,27.3038,32.6152,38.7667,45.6002,52.9068,10.5101,6.5791,4.6086,3.79735,3.44988,3.38662
1,0,0,87.3115016154,-0.325186,3.3566847019,6.63615,6.94241,7.76469,9.39869,12.5877,16.4018,19.1425,22.6249,26.9663,32.2128,38.3073,45.0971,52.3755,10.7713,6.64736,4.6303,3.80452,3.44946,3.38023
1,0,0,87.2099587277,-0.326511,2.9410783061,6.64042,6.93465,7.74058,9.34637,12.4769,16.2156,18.9016,22.3177,26.5847,31.756,37.7835,44.5213,51.7655,11.0958,6.72693,4.65469,3.81206,3.44825,3.37215
1,0,0,87.1167852408,-0.327893,2.4904126227,6.6451,6.92635,7.71473,9.29042,12.3589,16.0174,18.6454,21.9907,26.1775,31.267,37.2209,43.9008,51.1064,11.4879,6.81727,4.68228,3.82087,3.44745,3.36391
1,0,0,87.0306975994,-0.329132,2.0390994971,6.64944,6.9177,7.68864,9.23462,12.2421,15.8222,18.3932,21.6685,25.7756,30.7832,36.6623,43.2829,50.4482,11.9348,6.91318,4.71176,3.83086,3.44761,3.3566
1,0,0,86.9544202397,-0.330152,1.5956129749,6.65308,6.90859,7.66251,9.17962,12.1283,15.6329,18.1488,21.3565,25.3859,30.3128,36.1178,42.6787,49.8031,12.444,7.01375,4.74299,3.84217,3.44901,3.35062
1,0,0,86.8844326872,-0.330888,1.1313681918,6.65561,6.89777,7.63391,9.12108,12.0091,15.4361,17.8955,21.0333,24.9822,29.8247,35.5513,42.0485,49.1286,13.0826,7.12764,4.77906,3.85631,3.45243,3.34625
1,0,0,86.8025285085,-0.331212,0.6352096596,6.65643,6.88432,7.60149,9.05686,11.8809,15.2265,17.6267,20.691,24.5545,29.3069,34.949,41.377,48.4083,13.9466,7.26085,4.82219,3.87459,3.45877,3.34416
1,0,0,86.7280279596,-0.33095,0.1281070605,6.65477,6.86805,7.56583,8.98884,11.7484,15.0123,17.3528,20.3432,24.1204,28.7809,34.336,40.6919,47.672,15.184,7.41148,4.87207,3.8973,3.46865,3.34526
1,0,0,86.6586103166,-0.330019,-0.391752444,6.65024,6.84854,7.52642,8.91639,11.6106,14.7921,17.0727,19.9883,23.6779,28.2445,33.7098,39.9905,46.9167,17.6519,7.5829,4.92982,3.92513,3.48258,3.34998
1,0,0,86.5936420104,-0.328356,-0.919436833,6.64255,6.82565,7.4833,8.83985,11.4684,14.5678,16.7886,19.6296,23.2311,27.7026,33.0761,39.2793,46.1492,53.4756,7.77661,4.99581,3.95836,3.50087,3.35868
1,0,0,86.5330253212,-0.325912,-1.4464949792,6.63146,6.79938,7.43683,8.76008,11.3238,14.3423,16.5044,19.272,22.7865,27.1633,32.4446,38.5691,45.3813,52.6734,7.99272,5.06988,3.99703,3.52365,3.37158
1,0,0,86.4721488423,-0.322638,-1.969227294,6.6167,6.76959,7.38695,8.67721,11.1771,14.1167,16.2214,18.9172,22.3463,26.6294,31.8188,37.8641,44.6177,51.8745,8.23293,5.15235,4.04139,3.55119,3.38894
1,0,0,86.4014745386,-0.31849,-2.4892208705,6.59804,6.73601,7.33335,8.5908,11.0277,13.8897,15.9383,18.5636,21.9086,26.0988,31.1962,37.1616,43.8557,51.0762,8.50116,5.24407,4.0919,3.58376,3.41097
1,0,0,86.7152951674,-0.313435,-3.0015138943,6.57528,6.6986,7.27616,8.50124,10.8764,13.6629,15.6568,18.2135,21.4764,25.5754,30.5817,36.4674,43.1016,50.2854,8.79909,5.34509,4.14862,3.62149,3.43784
1,0,0,87.2833081972,-0.307436,-3.4955925898,6.54813,6.65737,7.21574,8.40941,10.7251,13.4393,15.381,17.8723,21.0564,25.0676,29.9858,35.7938,42.3692,49.5168,9.12573,5.45475,4.21133,3.66438,3.46968
1,0,0,88.003381477,-0.300452,-3.9765906588,6.51638,6.61196,7.15154,8.31444,10.5722,13.2164,15.1077,17.5357,20.6437,24.5697,29.4016,35.1332,41.6505,48.7622,9.48754,5.57425,4.28065,3.71278,3.50672
1,0,-0.7,88.7669555322,-0.292462,-4.4605623788,6.47998,6.56193,7.0826,8.21447,10.414,12.9884,14.8296,17.1945,20.2265,24.0667,28.8114,34.4651,40.9229,47.9976,9.899,5.70627,4.35769,3.76723,3.54913
1,0,-0.7,89.3110693754,-0.283668,-4.8305441454,6.43895,6.51046,7.01595,8.12263,10.2754,12.7943,14.5961,16.9119,19.885,23.6593,28.3374,33.9323,40.346,47.3946,10.2884,5.83297,4.43446,3.8237,3.59526
1,0,-0.7,90.005756406,-0.274473,-4.9658194808,6.39401,6.46145,6.95942,8.05272,10.1811,12.673,14.4565,16.7507,19.6992,23.448,28.1028,33.6799,40.0839,47.1307,10.5513,5.9316,4.50051,3.87656,3.6422
0,0,-0.7,90.6173727733,-0.265017,-4.9916541478,6.34681,6.41312,6.90702,7.99226,10.1064,12.584,14.3589,16.6438,19.5836,23.3256,27.9774,33.5564,39.9669,47.0241,10.7502,6.01704,4.56177,3.92801,3.68985
0,0,-0.7,90.5857941531,-0.25555,-4.9423396704,6.2989,6.36607,6.85831,7.93919,10.0462,12.5182,14.2911,16.5755,19.5174,23.2657,27.9285,33.5229,39.9515,47.027,10.8976,6.09147,4.61847,3.97749,3.73709
0,0,-0.7,90.3489658986,-0.246361,-4.7508457161,6.25122,6.32296,6.8181,7.9018,10.0153,12.4991,14.2828,16.5835,19.5487,23.3282,28.029,33.6644,40.1321,47.241,10.9364,6.14185,4.66446,4.02158,3.78208
0,0,-0.7,90.164370814,-0.237309,-4.4784730394,6.20368,6.28205,6.78265,7.87324,10.0011,12.5067,14.3088,16.6357,19.6368,23.4623,28.2168,33.9079,40.4266,47.5768,10.9147,6.17846,4.70433,4.06266,3.82595
0,0,-0.7,89.922784803,-0.228459,-4.1120493407,6.15664,6.244,6.75306,7.85537,10.0071,12.5465,14.3763,16.7414,19.7934,23.6826,28.5093,34.273,40.8559,48.0563,10.8266,6.19895,4.73692,4.10009,3.86836
0,0,-0.7,89.6613246154,-0.220034,-3.5573803584,6.11084,6.21196,6.73561,7.85957,10.0546,12.653,14.5294,16.9572,20.0909,24.0792,29.0148,34.8843,41.5571,48.8241,10.6164,6.18822,4.75521,4.13029,3.90789
0,0,0,89.41654526,-0.212102,-2.8636774375,6.06738,6.18575,6.72869,7.88219,10.1364,12.8147,14.7533,17.2643,20.5047,24.62,29.6919,35.6902,42.4693,49.812,10.3352,6.15472,4.76239,4.15455,3.94477
0,0,0,89.1989803681,-0.2046,-2.1481620134,6.02684,6.16294,6.72617,7.91134,10.2298,12.9946,15.0007,17.6014,20.9555,25.2047,30.4175,36.5461,43.4301,50.8455,10.0634,6.11687,4.7663,4.17645,3.98
0,0,0,89.0639674084,-0.197318,-1.4651275667,5.98837,6.14125,6.72396,7.93994,10.3215,13.1722,15.2453,17.9349,21.401,25.7802,31.1277,37.3786,44.3592,51.8399,9.82973,6.08386,4.77143,4.19846,4.01482
0,0,0,88.9713688995,-0.189753,-1.0031345077,5.94959,6.11346,6.70828,7.9432,10.3648,13.272,15.3901,18.1399,21.6827,26.1511,31.5913,37.9264,44.9738,52.5004,9.7211,6.08336,4.79108,4.22741,4.0519
0,0,0,88.8588605381,-0.182105,-0.7200818978,5.91095,6.08111,6.68201,7.92603,10.3681,13.3065,15.4506,18.2361,21.8256,26.3496,31.8485,38.238,45.3299,52.8884,9.70027,6.10676,4.82119,4.26097,4.08982
0,0,-0.7,88.7387391144,-0.174542,-0.5476307688,5.87296,6.04653,6.64981,7.89684,10.3472,13.3007,15.4587,18.2645,21.8817,26.4401,31.9768,38.4027,45.5256,53.1077,9.72873,6.14352,4.8568,4.29657,4.12749
0,0,-0.7,88.5762200719,-0.167237,-0.404852551,5.83632,6.01255,6.61729,7.86585,10.3214,13.2861,15.455,18.2772,21.9172,26.5044,32.0732,38.5305,45.6804,53.2835,9.7666,6.18189,4.89243,4.33147,4.16393
0,0,-0.7,88.3599443476,-0.160456,-0.2703661785,5.80234,5.98105,6.58718,7.83723,10.2978,13.2733,15.4526,18.2903,21.9521,26.5667,32.1658,38.6525,45.8278,53.4504,9.8005,6.21709,4.92532,4.36379,4.19777
0,0,-0.7,88.0845562072,-0.154272,-0.1552772921,5.77138,5.95213,6.55926,7.81021,10.2745,13.2588,15.4467,18.2977,21.978,26.6162,32.2417,38.7541,45.9515,53.5914,9.83453,6.25004,4.95567,4.39343,4.22865
0,0,-0.7,87.7965411952,-0.148761,-0.0010655067,5.7438,5.92765,6.53735,7.79199,10.2656,13.2655,15.4673,18.3379,22.0444,26.7141,32.3731,38.9166,46.1395,53.7979,9.84153,6.27263,4.9798,4.41867,4.2562
0,0,-0.7,87.51733442,-0.14386,0.2127604288,5.71934,5.90783,6.52237,7.78461,10.2755,13.3014,15.5247,18.4246,22.1686,26.8819,32.5853,39.1686,46.4225,54.102,9.81392,6.2828,4.99697,4.4394,4.28073
0,0,-0.7,87.258979919,-0.13941,0.4593437021,5.69722,5.89123,6.51189,7.78404,10.2969,13.355,15.6043,18.5393,22.3274,27.091,32.8449,39.4722,46.7597,54.4609,9.76695,6.28538,5.00966,4.45709,4.3031
0,0,0,86.9777247204,-0.135409,0.7652653495,5.67751,5.87855,6.50756,7.79351,10.3364,13.4374,15.7208,18.7008,22.5448,27.3708,33.186,39.8656,47.1915,54.9167,9.69057,6.27723,5.01653,4.47123,4.32337
0,0,0,86.7052720231,-0.131971,1.1436466774,5.66089,5.87086,6.51097,7.81563,10.3988,13.5562,15.8837,18.9214,22.8358,27.739,33.6285,40.3698,47.7399,55.491,9.58027,6.25621,5.01632,4.48102,4.34108
0,0,0,86.5359493331,-0.129059,1.5483897935,5.64717,5.86682,6.5193,7.84499,10.4734,13.6937,16.0701,19.1712,23.162,28.148,34.1156,40.9207,48.3353,56.1116,9.45775,6.22873,5.0119,4.48773,4.35642
0,0,0,86.4249146204,-0.126213,1.8497655937,5.63374,5.86046,6.52186,7.86276,10.5244,13.7916,16.2046,19.3533,23.4015,28.4494,34.4754,41.328,48.7759,56.5709,9.37839,6.2138,5.01274,4.49636,4.3714
0,0,0,86.308046549,-0.123433,2.0437404552,5.62043,5.85153,6.51819,7.86803,10.5498,13.8461,16.2823,19.4615,23.5468,28.635,34.6992,41.5834,49.0536,56.8618,9.34033,6.21138,5.01885,4.50686,4.38585
0,0,0,86.1889135557,-0.120914,2.0940404201,5.608,5.83989,6.50698,7.85737,10.5413,13.8425,16.2834,19.4695,23.5642,28.6636,34.7394,41.6342,49.113,56.9274,9.3526,6.22397,5.03085,4.51884,4.3986
0,0,-0.7,86.0677012472,-0.118753,1.9976918372,5.59687,5.82595,6.48859,7.83103,10.499,13.7802,16.2069,19.3758,23.4513,28.5319,34.5921,41.4761,48.9495,56.7684,9.41506,6.2513,5.04835,4.53188,4.40913
0,0,-0.7,85.9146995046,-0.117086,1.8285088595,5.58804,5.81256,6.46852,7.79918,10.4429,13.6926,16.0959,19.2358,23.2782,28.325,34.3555,41.2175,48.6777,56.5018,9.49989,6.28384,5.06684,4.54385,4.417
0,0,0,85.7033409361,-0.116022,1.7018622685,5.58237,5.80355,6.45462,7.77671,10.4027,13.6292,16.0154,19.1339,23.1514,28.1729,34.1808,41.0259,48.4757,56.3182,9.56214,6.30703,5.07969,4.55191,4.42199
0,0,0,85.4841046048,-0.115411,1.6495168443,5.57916,5.79893,6.44791,7.76631,10.3848,13.6015,15.9804,19.0899,23.0973,28.1082,34.107,40.9453,48.391,56.2838,9.59029,6.31795,5.08602,4.55614,4.42493
0,0,0,85.3365951352,-0.115071,1.6480042357,5.57747,5.79713,6.44588,7.76386,10.3816,13.5975,15.976,19.0851,23.092,28.1028,34.1016,40.9401,48.3862,56.3761,9.59517,6.32065,5.08808,4.55792,4.42662
0,0,0,85.2562653227,-0.114662,1.5461266102,5.57516,5.79223,6.43731,7.74888,10.3532,13.5514,15.9165,19.0087,22.9959,27.986,33.9661,40.7902,48.2271,56.3016,9.64056,6.33617,5.09588,4.56213,4.42843
1,0,0,85.1734561439,-0.114195,1.3249362534,5.57234,5.78383,6.42119,7.71937,10.2956,13.4562,15.7929,18.8489,22.7934,27.7385,33.6774,40.4693,47.8852,55.9935,9.73554,6.36701,5.11049,4.56916,4.43031
1,0,0,85.1599899044,-0.113614,1.028069631,5.56889,5.77294,6.40005,7.6805,10.2197,13.3307,15.6297,18.6376,22.5252,27.4099,33.2931,40.0409,47.4277,55.5279,9.86622,6.4087,5.13009,4.5785,4.4327
1,0,0,85.0841183412,-0.112804,0.6856070272,5.56438,5.75986,6.3752,7.63535,10.1323,13.1869,15.4431,18.3963,22.2187,27.0336,32.8519,39.5481,46.9005,54.9653,10.0246,6.45879,5.15387,4.5902,4.43632
1,0,0,85.0118129489,-0.111723,0.2854372603,5.55868,5.74417,6.34584,7.58255,10.031,13.0209,15.2279,18.1181,21.8649,26.5984,32.3401,38.9747,46.2855,54.2831,10.22,6.51965,5.18295,4.60485,4.44144
1,0,0,84.9435306398,-0.110315,-0.1762286398,5.5516,5.72563,6.31166,7.52166,9.91512,12.832,14.9836,17.8024,21.4629,26.1025,31.7549,38.3168,45.5777,53.4821,10.4603,6.59298,5.21815,4.62297,4.44845
1,0,0,84.8800983259,-0.108483,-0.6659832227,5.54276,5.70466,6.27418,7.45615,9.79228,12.6334,14.7273,17.4716,21.0418,25.582,31.1388,37.6218,44.828,52.6374,10.7367,6.67571,5.25837,4.64442,4.45791
1,0,0,84.8166292767,-0.10611,-1.1669087639,5.5316,5.68113,6.23381,7.38728,9.66556,12.4307,14.4668,17.1364,20.6151,25.0539,30.5121,36.9128,44.061,51.7847,11.0471,6.76692,5.30346,4.66948,4.47046
1,0,0,84.7513774087,-0.103083,-1.6714955053,5.51756,5.65466,6.19036,7.3152,9.53584,12.2257,14.2047,16.8002,20.188,24.525,29.8831,36.1993,43.2875,50.9376,11.3941,6.86684,5.35379,4.69861,4.48665
1,0,0,84.6674507918,-0.0993226,-2.1762999707,5.50024,5.62492,6.14361,7.23983,9.40327,12.019,13.9418,16.4644,19.7623,23.9978,29.2551,35.4852,42.5116,50.1013,11.7825,6.976,5.40975,4.7322,4.5069
1,0,-0.7,84.5983065616,-0.0947819,-2.6771166499,5.47938,5.59178,6.09353,7.16133,9.26838,11.8114,13.6794,16.1307,19.3404,23.4756,28.6322,34.7757,41.7392,49.2813,12.2173,7.09453,5.47147,4.77042,4.53145
1,0,-0.7,84.5049362779,-0.0897246,-3.0689223789,5.45579,5.55855,6.04665,7.09142,9.15324,11.6388,13.4637,15.8592,18.9999,23.0567,28.1345,34.21,41.1246,48.638,12.6151,7.20257,5.52999,4.80875,4.55846
1,0,-0.7,84.3265251501,-0.0848024,-3.1655287927,5.43161,5.53169,6.015,7.05116,9.09669,11.5631,13.3745,15.7535,18.8751,22.9118,27.9713,34.0333,40.9407,48.4571,12.7882,7.2606,5.56734,4.83779,4.58357
0,0,-0.7,84.1029203797,-0.0802058,-2.9901865187,5.40778,5.51154,5.99815,7.03887,9.09444,11.5765,13.4013,15.7997,18.9478,23.0182,28.1158,34.2153,41.1547,48.7544,12.7293,7.26896,5.58329,4.85689,4.60577
0,0,-0.7,83.8879532149,-0.0759553,-2.6178556251,5.38493,5.49695,5.99275,7.04776,9.13297,11.6567,13.5152,15.9597,19.1685,23.3123,28.489,34.6624,41.6612,49.5366,12.5102,7.24094,5.58318,4.86831,4.62545
0,0,-0.7,83.6849995165,-0.0720862,-2.1420370946,5.36387,5.48654,5.99478,7.06961,9.19585,11.7765,13.6806,16.1869,19.4756,23.7148,28.9922,35.2574,42.3281,50.8449,12.2232,7.19356,5.57387,4.8749,4.64309
0,0,-0.7,83.4728363624,-0.0686416,-1.635347598,5.34521,5.47925,6.00113,7.09799,9.27007,11.9143,13.8689,16.4433,19.8197,24.1619,29.546,35.9068,43.0507,52.9167,11.9307,7.13949,5.56044,4.87872,4.65885
0,0,-0.7,83.2546374848,-0.065848,-1.0787706663,5.3301,5.47675,6.01419,7.1366,9.36198,12.0798,14.0926,16.745,20.2203,24.677,30.1775,36.6402,43.8602,59.2025,11.6195,7.07445,5.54046,4.87819,4.67166
0,0,-0.7,83.0368610662,-0.0636883,-0.490772729,5.31863,5.47868,6.03312,7.18383,9.46852,12.2681,14.3453,17.0832,20.6659,25.2448,30.8671,37.4338,44.7296,94.8011,11.3057,7.0022,5.51554,4.87402,4.68174
0,0,-0.7,82.817711973,-0.0620832,0.1342440114,5.31043,5.48487,6.05795,7.24015,9.59111,12.4819,14.6307,17.463,21.1628,25.8726,31.6225,38.2958,45.7186,89.313,10.9894,6.92314,5.48605,4.86665,4.6896
0,0,-0.7,82.5852503103,-0.0609528,0.8226470727,5.30526,5.49572,6.08998,7.3084,9.73611,12.7326,14.9638,17.9041,21.7358,26.5906,32.4787,39.2646,47.1733,84.1851,10.6612,6.83487,5.45115,4.856,4.69576
0,0,0,82.3298164079,-0.0603512,1.6029812122,5.30367,5.5125,6.13161,7.39306,9.91259,13.0355,15.3647,18.4321,22.4171,27.4364,33.4775,40.3847,49.6809,79.2999,10.3125,6.73428,5.40932,4.84143,4.70024
0,0,0,82.0826363964,-0.0605392,2.4262929159,5.30706,5.53562,6.182,7.49133,10.1136,13.3779,15.816,19.0231,23.1731,28.3655,34.563,41.5904,95.8166,74.8328,9.96726,6.62725,5.36243,4.823,4.70188
0,0,0,81.9581754419,-0.0613139,3.2369250636,5.31435,5.56266,6.2369,7.59576,10.3252,13.7367,16.2874,19.6369,23.9523,29.3139,35.6599,42.7979,89.2712,19.5077,9.64933,6.52265,5.31488,4.80302,4.70157
1,0,0,81.8650909662,-0.0619703,3.8162885269,5.32069,5.58329,6.27795,7.67348,10.4828,14.0042,16.6383,20.0926,24.5275,30.0088,36.4575,43.7931,84.5505,17.5419,9.43671,6.45014,5.28151,4.78893,4.70146
1,0,0,81.7882655339,-0.0626579,4.2240797784,5.32657,5.59937,6.30877,7.73096,10.5985,14.2,16.8946,20.4239,24.9434,30.5081,37.0272,44.767,80.9678,16.6001,9.29171,6.39894,5.25734,4.77822,4.70057
1,0,0,81.6682635181,-0.0636392,4.4699932641,5.33309,5.6122,6.33093,7.77007,10.6745,14.3261,17.0581,20.6335,25.2042,30.8185,37.3786,45.6792,78.2495,16.1061,9.20071,6.36464,5.2398,4.76902,4.69731
1,0,0,81.545318393,-0.065105,4.5591397674,5.34103,5.62271,6.34551,7.79207,10.7121,14.3839,17.1304,20.7231,25.3123,30.9437,37.5172,46.4524,76.2246,15.9073,9.15601,6.34452,5.22722,4.76006,4.69058
1,0,0,81.4243950129,-0.0671406,4.5022622471,5.35085,5.6316,6.35356,7.79868,10.7143,14.3781,17.1176,20.7006,25.2778,30.8963,37.4575,46.9841,74.7583,15.9432,9.15164,6.33648,5.21846,4.75063,4.67997
1,0,0,81.3129612952,-0.0696507,4.3103844111,5.36217,5.63873,6.35531,7.79075,10.6836,14.3135,17.0262,20.5747,25.112,30.6897,37.2152,47.136,73.7548,16.2066,9.18536,6.33995,5.21353,4.74105,4.66606
1,0,0,81.212191956,-0.0724718,4.0275609842,5.37454,5.64472,6.35288,7.77321,10.6313,14.2105,16.8835,20.3815,24.8602,30.3784,36.8517,46.9447,73.043,16.6662,9.24618,6.35151,5.21133,4.73151,4.6501
1,0,-0.7,81.1201775709,-0.0754271,3.7000411198,5.38744,5.65016,6.34846,7.75116,10.5691,14.0903,16.7179,20.1579,24.5692,30.0186,36.4312,46.5611,72.468,17.2982,9.32231,6.36747,5.21072,4.72219,4.63334
1,0,-0.7,81.0453737217,-0.078558,3.4152237999,5.40159,5.65795,6.34803,7.73618,10.5208,13.9934,16.5827,19.9733,24.3264,29.7155,36.0742,46.4224,71.7614,17.9364,9.38407,6.37769,5.20713,4.71132,4.61609
0,0,-0.7,80.8513725107,-0.082255,3.2577463499,5.4193,5.67255,6.35921,7.74145,10.5114,13.9606,16.5305,19.8951,24.2165,29.5712,35.8977,47.2172,70.6819,18.2543,9.39601,6.36931,5.19395,4.69529,4.59678
0,0,-0.7,80.613528154,-0.0865466,3.2659969421,5.44083,5.69519,6.38453,7.7718,10.5505,14.0082,16.5825,19.9508,24.2741,29.6283,35.9515,86.7893,69.1575,18.0192,9.34301,6.33748,5.16898,4.67314,4.57532
0,0,-0.7,80.3804116159,-0.0913597,3.4359304946,5.4658,5.72542,6.42343,7.82641,10.6368,14.1338,16.7357,20.1366,24.4947,29.881,36.229,83.7828,67.2589,17.3232,9.22873,6.28353,5.13299,4.64538,4.55206
0,0,-0.7,80.1626450472,-0.0966178,3.7343269143,5.49377,5.76202,6.47361,7.90113,10.7622,14.3239,16.9723,20.4289,24.8477,30.2916,36.6886,80.4621,65.1349,16.4323,9.06915,6.2126,5.0884,4.61318,4.52731
0,0,-0.7,79.9551003966,-0.102355,4.096081007,5.52469,5.8034,6.53132,7.98841,10.9108,14.5513,17.2564,20.7807,25.2728,30.7861,37.3474,77.153,62.9758,15.5684,8.88903,6.13252,5.03852,4.57769,4.50066
0,0,-0.7,79.7433320515,-0.108679,4.4807877889,5.55894,5.84895,6.59466,8.08405,11.0735,14.7998,17.566,21.163,25.7329,31.3188,38.2739,74.0139,60.7548,14.7918,8.70183,6.04735,4.98487,4.53913,4.47138
0,0,0,79.526063152,-0.115681,4.8731378279,5.5969,5.89876,6.66324,8.18685,11.2472,15.0635,17.8934,21.5651,26.2141,31.8724,39.6122,71.0796,58.4567,14.0965,8.51181,5.95827,4.92772,4.49735,4.43893
1,0,0,79.3280273943,-0.123323,5.2918840325,5.63857,5.95329,6.7383,8.29937,11.4374,15.352,18.2509,22.0028,26.7356,32.4697,41.9599,68.2787,56.0182,13.4427,8.3146,5.86386,4.86655,4.45227,4.40366
1,0,0,79.278790891,-0.131346,5.6790717217,5.68218,6.00924,6.81416,8.41169,11.625,15.6337,18.5977,22.4244,27.2339,33.036,81.8608,65.7538,53.5785,12.8837,8.12878,5.77165,4.80535,4.40607,4.3664
1,0,0,79.2139219543,-0.13903,5.8075002114,5.72194,6.05444,6.86915,8.48462,11.7326,15.7805,18.7694,22.6224,27.456,33.2762,79.1819,64.0148,51.8204,12.6077,8.01708,5.70718,4.75722,4.36533,4.32881
1,0,0,79.1484396196,-0.146404,5.7469958683,5.75841,6.09118,6.90806,8.52749,11.7795,15.8256,18.8096,22.6532,27.473,33.2781,77.3365,62.7878,50.6085,12.5112,7.95679,5.6625,4.71861,4.32871,4.29123
1,0,0,79.0824575242,-0.153655,5.5445469609,5.79297,6.12213,6.93543,8.54836,11.7816,15.7956,18.7525,22.5607,27.3383,33.1135,76.0541,61.9117,49.8231,12.5426,7.93314,5.63162,4.6864,4.2946,4.25316
1,0,0,79.0133360236,-0.160761,5.2565841027,5.82611,6.14925,6.95549,8.55562,11.7567,15.7208,18.638,22.3954,27.1143,32.8461,75.0905,61.2355,49.2941,12.6579,7.93254,5.60954,4.65846,4.26241,4.21528
1,0,0,78.945645395,-0.167669,4.9052406531,5.85786,6.17316,6.96974,8.55247,11.7118,15.6137,18.4822,22.178,26.8263,32.4997,74.3509,60.7006,48.9475,12.8472,7.95063,5.59467,4.63422,4.23217,4.17812
1,0,0,78.8790973366,-0.174263,4.5146094876,5.88793,6.19419,6.9794,8.54185,11.6538,15.4865,18.3012,21.9294,26.5,32.1041,73.7452,60.2502,48.7054,13.1009,7.98333,5.58577,4.61343,4.20421,4.14251
1,0,0,78.8685306677,-0.180482,4.0897154459,5.91611,6.21228,6.98464,8.52433,11.5841,15.342,18.0991,21.6546,26.1417,31.6657,73.2518,59.8708,48.5462,13.4292,8.03082,5.58297,4.5963,4.17881,4.10884
1,0,0,78.8132847581,-0.186267,3.6376689342,5.94221,6.22744,6.98577,8.50074,11.5049,15.1841,17.8808,21.3602,25.7593,31.1944,72.8452,59.5464,48.4453,13.8445,8.09281,5.58618,4.58294,4.15622,4.07749
1,0,0,78.7560671979,-0.191526,3.1726678469,5.96593,6.23972,6.98332,8.47262,11.4198,15.0192,17.6549,21.0572,25.3669,30.7091,72.4785,59.2472,48.3629,14.3571,8.16737,5.5949,4.57334,4.13673,4.04904
1,0,0,78.6981023855,-0.196181,2.703953993,5.98695,6.24907,6.97762,8.44082,11.331,14.8512,17.4265,20.7524,24.973,30.2216,72.1219,58.9541,48.276,14.9914,8.25351,5.60889,4.56761,4.12063,4.0239
1,0,0,78.6409450579,-0.200185,2.2364376209,6.00508,6.25542,6.96875,8.40578,11.2393,14.6819,17.198,20.4489,24.5817,29.7376,71.7601,58.6574,48.1739,15.7998,8.35105,5.62818,4.56585,4.10808,4.00235
1,0,0,78.5817098241,-0.203495,1.769746308,6.02008,6.25855,6.95649,8.36719,11.1446,14.5107,16.9688,20.146,24.192,29.256,71.3949,58.3583,48.0593,16.9165,8.46142,5.65325,4.56839,4.09933,3.98457
1,0,0,78.5201260423,-0.206084,1.3035993051,6.03183,6.25834,6.94069,8.32489,11.0464,14.3373,16.7382,19.843,23.8033,28.7761,71.0278,58.0579,47.9343,18.8579,8.58596,5.68451,4.57545,4.09456,3.97068
1,0,0,78.8207366441,-0.207931,0.8640661917,6.04028,6.25541,6.92294,8.28205,10.9512,14.1721,16.5201,19.5576,23.438,28.3292,70.5716,57.7001,47.7405,33.4396,8.71665,5.71938,4.58596,4.09338,3.96083
1,0,0,79.3675399542,-0.209016,0.515887761,6.0453,6.25139,6.90711,8.24631,10.8743,14.0404,16.3472,19.332,23.1498,27.9927,69.8164,57.1491,47.3395,33.7021,8.82958,5.75059,4.59679,4.09459,3.95509
1,0,0,80.066084041,-0.209339,0.1542431032,6.04672,6.24331,6.88649,8.20458,10.7893,13.8986,16.1628,19.0933,22.8464,27.6393,69.0954,56.6191,46.9611,33.9234,8.96221,5.78987,4.61308,4.10021,3.95332
1,0,0,80.7255990314,-0.208948,-0.3031336348,6.04482,6.22934,6.85646,8.1476,10.6777,13.7157,15.9265,18.7892,22.461,27.1691,68.6589,56.2719,46.7723,34.389,9.14888,5.84701,4.63892,4.11176,3.95532
1,0,0,81.3889731753,-0.207838,-0.8721162487,6.03983,6.20933,6.8165,8.07429,10.5372,13.4883,15.634,18.4137,21.9858,26.5683,68.5498,56.1354,46.7909,35.077,9.40468,5.9252,4.67563,4.12986,3.9613
1,0,0,82.1213100552,-0.205956,-1.4855764304,6.03162,6.18496,6.77067,7.9928,10.3846,13.244,15.3212,18.0133,21.4795,25.9246,68.5612,56.0756,46.8691,35.748,9.71202,6.01804,4.72049,4.1536,3.97165
1,0,0,82.8001242226,-0.203199,-2.0629746484,6.01954,6.15768,6.72313,7.91171,10.2372,13.0119,15.0258,17.6371,21.0049,25.3285,68.4443,55.9321,46.8508,36.2098,10.0407,6.11661,4.7699,4.18176,3.98677
1,0,0,83.4388079816,-0.199526,-2.5886519663,6.00319,6.12749,6.67432,7.83213,10.0973,12.7957,14.7529,17.2915,20.5707,24.7912,68.1519,55.6752,46.7159,36.4703,10.3834,6.21896,4.82311,4.21413,4.00676
1,0,0,84.0902540633,-0.194884,-3.0766286612,5.98225,6.0937,6.62305,7.75193,9.96095,12.5888,14.4939,16.9657,20.1632,24.2931,67.7291,55.334,46.4979,36.5949,10.7487,6.32719,4.88117,4.25123,4.03182
1,0,0,84.7658003851,-0.18927,-3.5455602391,5.95671,6.05584,6.56822,7.66898,9.82378,12.3841,14.2394,16.6477,19.7673,23.8131,67.235,54.9466,46.2346,36.6422,11.1499,6.44405,4.94522,4.29357,4.062
1,0,0,85.433909525,-0.182684,-4.0225246852,5.92669,6.01337,6.50845,7.58054,9.68037,12.1727,13.978,16.3221,19.3632,23.323,66.7535,54.5667,45.9749,36.6768,11.6121,6.57399,5.0171,4.3419,4.09742
1,0,0,85.8849650105,-0.17513,-4.4914333448,5.8921,5.96661,6.44458,7.48827,9.53395,11.9597,13.7162,15.9979,18.9622,22.8389,66.2386,54.1649,45.6928,36.6694,12.1347,6.71504,5.09591,4.39583,4.13801
1,0,0,86.5852218288,-0.166588,-4.8825286061,5.85226,5.91663,6.37978,7.39858,9.39718,11.7658,13.4808,15.7098,18.6094,22.4282,65.4834,53.6077,45.2743,36.492,12.6642,6.85568,5.17697,4.45338,4.1834
1,0,0,87.2839244535,-0.157068,-5.3129975272,5.80807,5.86143,6.3085,7.30035,9.24808,11.5551,13.2252,15.3969,18.2262,21.9756,64.8375,53.1199,44.9148,36.3747,13.3177,7.01588,5.26838,4.518,4.23425
1,0,0,87.8798948915,-0.146582,-5.8405598762,5.76017,5.80031,6.22846,7.18887,9.0773,11.3122,12.9294,15.0334,17.7783,21.4273,64.4639,52.8073,44.7017,36.4124,14.2169,7.20817,5.37497,4.59178,4.2911
1,0,0,88.4344092091,-0.135147,-6.4677767746,5.70889,5.73363,6.14013,7.06489,8.88622,11.0392,12.5963,14.6225,17.2698,20.7886,64.3683,52.6735,44.63,36.5929,15.5215,7.43682,5.49799,4.67524,4.35416
1,0,0,89.0985811563,-0.12269,-7.1186568298,5.65325,5.6623,6.04672,6.93515,8.68842,10.7587,12.2549,14.2024,16.7503,20.1354,64.3298,52.5752,44.5749,36.776,17.4823,7.69115,5.63303,4.76664,4.42338
1,0,0,89.8099239599,-0.109145,-7.7147621199,5.59201,5.58697,5.95103,6.80573,8.49608,10.4906,11.9313,13.807,16.2643,19.534,64.1187,52.3651,44.4203,36.8382,19.2388,7.95628,5.77427,4.86358,4.49831
1,0,0,90.5876930168,-0.0944177,-8.2496755174,5.52443,5.50704,5.85256,6.67611,8.30859,10.234,11.6244,13.4354,15.8111,18.9826,63.7159,52.0314,44.1631,36.7814,20.3384,8.23081,5.92143,4.96614,4.57922
1,0,-0.7,91.33392775,-0.0784834,-8.7515865459,5.45059,5.42195,5.7499,6.5436,8.12076,9.98054,11.3235,13.0734,15.3722,18.4544,63.206,51.6284,43.8493,36.6576,21.1312,8.52143,6.07704,5.07548,4.6665
1,0,-0.7,91.951498871,-0.0615331,-9.1912170622,5.37097,5.33281,5.64494,6.41123,7.93764,9.73778,11.0378,12.733,14.9629,17.9725,62.5074,51.1031,43.4407,36.4287,21.6717,8.81792,6.23672,5.18915,4.75869
1,0,-0.7,92.3661303338,-0.0440718,-9.4208012507,5.28589,5.2432,5.54498,6.2918,7.78216,9.54128,10.8128,12.4725,14.6596,17.6563,61.2177,50.1941,42.7409,35.8932,21.8073,9.06873,6.38067,5.29718,4.8508
1,0,-0.7,92.9786459247,-0.0263962,-9.3412174129,5.19541,5.15511,5.45421,6.19277,7.66779,9.4122,10.6755,12.3274,14.509,17.6045,59.1394,48.7655,41.6322,34.9386,21.4847,9.23215,6.49393,5.39228,4.93936
0,0,-0.7,93.4238633146,-0.00871325,-8.9905099465,5.10135,5.06926,5.37216,6.11205,7.58963,9.34224,10.6152,12.2839,14.4934,17.8553,56.5099,46.9586,40.1852,33.6486,20.836,9.31201,6.5775,5.47441,5.02376
0,0,0,93.4849180486,0.00887289,-8.4443665762,5.00574,4.98574,5.29696,6.04503,7.53825,9.31628,10.6125,12.3169,14.5802,18.4818,53.6461,44.9712,38.5202,32.1551,20.016,9.33086,6.63865,5.54654,5.10482
0,0,0,93.2727493105,0.0262108,-7.8380053416,4.91138,4.90434,5.22508,5.98343,7.49676,9.3065,10.6312,12.3787,14.7336,19.6125,50.9093,43.0429,36.8277,30.6538,19.2087,9.32996,6.69129,5.61437,5.18403
0,0,0,93.1534025193,0.0434545,-7.3189055792,4.81909,4.8228,5.15071,5.91598,7.44348,9.27773,10.6256,12.4091,14.9144,21.8211,48.558,41.3552,35.2973,29.3308,18.5622,9.35398,6.75217,5.68562,5.26425
0,0,0,93.0695212402,0.0610191,-7.1365904088,4.72889,4.73621,5.06291,5.82234,7.33957,9.16656,10.5127,12.2982,14.9341,56.9688,46.9273,40.1346,34.2202,28.4586,18.272,9.47613,6.84997,5.77373,5.35056
0,0,0,92.9751940273,0.0787553,-7.2163461339,4.64037,4.64598,4.96519,5.70906,7.19717,8.99195,10.3166,12.0766,14.799,55.3507,45.7787,39.245,33.4751,27.9058,18.207,9.6754,6.97662,5.87478,5.44112
0,0,0,92.8789312114,0.0966671,-7.4518317877,4.55243,4.55337,4.86155,5.58436,7.03256,8.78071,10.0722,11.7907,14.5644,54.1423,44.894,38.5462,32.9175,27.5269,18.2463,9.9262,7.12228,5.98446,5.53477
0,0,0,92.7837507634,0.114848,-7.7602549688,4.46384,4.45887,4.75454,5.45391,6.85753,8.55275,9.80602,11.4785,14.2857,53.12,44.1291,37.9355,32.4442,27.2217,18.3137,10.2092,7.27971,6.09988,5.63107
0,0,0,92.6969401301,0.133323,-8.0965238988,4.37407,4.3629,4.64563,5.32085,6.6785,8.31879,9.53216,11.1633,13.9976,52.1721,43.411,37.3589,32.0013,26.939,18.373,10.5134,7.44467,6.21925,5.72965
1,0,0,92.6159010729,0.152051,-8.4765095085,4.28347,4.26556,4.53467,5.18467,6.49414,8.07653,9.24748,10.8396,13.6871,51.3257,42.7584,36.8306,31.6022,26.6907,18.4355,10.8271,7.61941,6.34343,5.83066
1,0,0,92.5096341606,0.171143,-8.8932790087,4.19145,4.16642,4.42141,5.04537,6.30507,7.82735,8.954,10.5098,13.3578,50.5617,42.1591,36.3416,31.2376,26.4684,18.4973,11.1168,7.80459,6.47296,5.93471
1,0,0,92.4230036068,0.19075,-9.340930934,4.09718,4.06482,4.30535,4.90263,6.11134,7.57186,8.65281,10.1749,13.0119,49.8651,41.6036,35.8849,30.9006,26.2659,18.5562,11.3843,8.00135,6.60869,6.04262
1,0,0,92.3415894214,0.210941,-9.823762468,4.00037,3.96046,4.18614,4.75605,5.91244,7.30943,8.3432,9.8334,12.6449,49.242,41.0964,35.4632,30.5937,26.0854,18.6159,11.634,8.21167,6.75162,6.15498
1,0,0,92.2742769091,0.23172,-10.3373045398,3.90095,3.8534,4.06399,4.6061,5.7093,7.04165,8.02769,9.48771,12.2614,48.6806,40.6297,35.07,30.3105,25.9213,18.6734,11.8666,8.43603,6.9019,6.27192
1,0,0,92.2022942776,0.253138,-10.8558886401,3.79835,3.74354,3.93933,4.45395,5.50453,6.773,7.71685,9.14767,11.8834,48.1293,40.1691,34.6794,30.0265,25.7517,18.714,12.0761,8.67149,7.0585,6.39328
1,0,0,92.1259372589,0.27532,-11.3788845155,3.69189,3.63025,3.81153,4.29894,5.29737,6.50264,7.41109,8.81232,11.5092,47.5884,39.7151,34.2918,29.7424,25.5776,18.7401,12.2651,8.90063,7.22231,6.5198
1,0,0,92.0530082747,0.298317,-11.8940881649,3.58111,3.5133,3.6806,4.14134,5.08862,6.23204,7.11282,8.48565,11.1486,47.0351,39.2525,33.8963,29.4484,25.3905,18.7463,12.4319,9.11214,7.39293,6.65148
1,0,0,91.9687067475,0.32216,-12.4028173912,3.46582,3.3925,3.5463,3.98088,4.87785,5.96206,6.82149,8.16684,10.8,46.473,38.784,33.4949,29.1465,25.1925,18.7353,12.5787,9.3073,7.57079,6.78857
1,0,0,91.9024655202,0.346868,-12.909082899,3.34593,3.26772,3.40846,3.81728,4.66457,5.69752,6.53623,7.85443,10.46,45.9101,38.3148,33.0917,28.8405,24.9875,18.7104,12.7081,9.48765,7.75642,6.93132
1,0,0,91.8188285631,0.372456,-13.4143170827,3.22131,3.13886,3.26695,3.65036,4.44854,5.4388,6.25673,7.54794,10.1276,45.3495,37.8471,32.6882,28.5322,24.7771,18.6737,12.8217,9.65418,7.9399,7.07997
1,0,0,91.7373710497,0.398931,-13.9175459142,3.09186,3.00586,3.12176,3.48017,4.22982,5.18609,5.98331,7.24779,9.80385,44.7898,37.38,32.2848,28.221,24.5611,18.6253,12.9202,9.80746,8.1127,7.23458
1,0,0,91.6648182056,0.426309,-14.4183683229,2.95744,2.8686,2.97281,3.30662,4.01133,4.93947,5.71606,6.95419,9.48949,44.2302,36.9131,31.8814,27.9068,24.3394,18.566,13.0046,9.9481,8.27519,7.3953
1,0,0,91.6019798406,0.454571,-14.9162113511,2.81806,2.72715,2.82017,3.12982,3.79912,4.69933,5.45547,6.66775,9.186,43.6702,36.4458,31.4779,27.5894,24.1122,18.4961,13.0754,10.0765,8.42759,7.56061
1,0,0,91.5392772269,0.483727,-15.4116479565,2.67362,2.58142,2.66378,2.94973,3.59334,4.46569,5.20153,6.38851,8.89371,43.111,35.9791,31.0748,27.2694,23.8801,18.4165,13.1335,10.1932,8.57024,7.71994
1,0,0,91.8064468231,0.513817,-15.9144184218,2.52397,2.43122,2.50333,2.77167,3.39336,4.23746,4.95268,6.11376,8.60588,42.5668,35.5223,30.6787,26.9527,23.6484,18.3316,13.1819,10.3001,8.70428,7.87186
1,0,0,92.2572852086,0.544953,-16.4289918176,2.36849,2.27592,2.33959,2.59938,3.19863,4.01397,4.70812,5.84253,8.32085,42.0396,35.0763,30.2898,26.6394,23.4174,18.242,13.2216,10.3982,8.83048,8.01701
1,0,0,92.7688848046,0.576911,-16.3213903437,2.20662,2.11605,2.18111,2.43346,3.01048,3.79775,4.47165,5.5814,8.05802,41.4942,34.6176,29.8914,26.3152,23.1748,18.1392,13.248,10.485,8.94749,8.15479
1,0,0,92.7031204035,0.607715,-15.4840125261,2.03969,1.9615,2.02992,2.27457,2.82965,3.58963,4.24416,5.33142,7.82035,40.9341,34.149,29.4859,25.9823,22.9224,18.0245,13.2617,10.5605,9.05519,8.28489
1,0,0,92.6270096148,0.636901,-14.6290449042,1.87965,1.81554,1.88655,2.12335,2.65705,3.39085,4.02724,5.09496,7.61643,40.3558,33.6683,29.0719,25.6397,22.6594,17.8973,13.2624,10.6246,9.15324,8.40693
1,0,0,92.5381757762,0.664433,-13.7670871972,1.72995,1.67824,1.75107,1.97984,2.49252,3.20092,3.82002,4.87025,7.44367,39.7764,33.1869,28.6575,25.2945,22.392,17.7624,13.253,10.6788,9.24248,8.52126
1,0,0,92.4720940577,0.690301,-12.9049576028,1.59047,1.54958,1.62348,1.84404,2.33606,3.0197,3.62213,4.6565,7.30393,39.2064,32.7118,28.2476,24.9506,22.1237,17.6224,13.2353,10.7242,9.32354,8.62815
1,0,0,92.405830034,0.714501,-12.0411664309,1.46096,1.42948,1.50384,1.71614,2.18801,2.8478,3.43451,4.45541,7.21101,38.6427,32.2411,27.8408,24.6069,21.8537,17.4769,13.2092,10.7609,9.3965,8.72768
1,0,0,92.3324202164,0.737013,-11.176057456,1.34134,1.31798,1.39229,1.59641,2.04888,2.68601,3.2582,4.26876,7.18809,38.0849,31.7744,27.4369,24.2632,21.5818,17.3261,13.1749,10.7892,9.46143,8.81984
1,0,0,92.4559870493,0.757836,-10.3199439186,1.23143,1.21501,1.28879,1.4848,1.91854,2.53401,3.09265,4.09536,7.26323,37.5486,31.3218,27.0431,23.925,21.3129,17.1735,13.1348,10.8103,9.51912,8.90495
1,0,0,92.9387092732,0.777012,-9.4509961265,1.13078,1.12035,1.19337,1.38168,1.798,2.39399,2.94146,3.94279,7.62066,37.0022,30.8623,26.6439,23.58,21.0365,17.0119,13.085,10.8222,9.56859,8.98281
1,0,5.4488051948,93.4510797479,0.794542,-8.5434882748,1.03916,1.03404,1.1063,1.28763,1.68866,2.26878,2.80934,3.82146,45.8794,36.4089,30.3709,26.2218,23.215,20.7411,16.8332,13.0208,10.8224,9.60858,9.05307
0,0,0.2584,93.8815757899,0.810372,-7.6186770976,0.956814,0.956276,1.02775,1.2028,1.59045,2.15798,2.69554,3.73075,45.1007,35.8008,29.869,25.7919,22.8418,20.4372,16.6451,12.9467,10.8134,9.64035,9.1161
0,0,0.2628,93.9140808648,0.824417,-6.6809743701,0.884068,0.887486,0.958242,1.12788,1.50449,2.06339,2.60284,3.67775,44.3058,35.1823,29.3599,25.3566,22.4626,20.1264,16.4487,12.8634,10.7954,9.66391,9.17171
0,0,0.2672,93.8379180671,0.836655,-5.7538713618,0.820961,0.827736,0.897871,1.06295,1.43075,1.98481,2.5309,3.66417,43.5448,34.5846,28.8648,24.9312,22.089,19.819,16.2512,12.7751,10.771,9.68049,9.22023
0,0,0.2716,93.7432660245,0.847381,-4.9599294747,0.766026,0.775227,0.844273,1.00453,1.36286,1.90992,2.4593,3.64355,43.0966,34.1784,28.4981,24.5973,21.7817,19.5663,16.0902,12.7046,10.7535,9.69749,9.26447
0,0,0,93.6461133998,0.856821,-4.3980756016,0.718056,0.728592,0.795712,0.950094,1.29614,1.82911,2.37079,3.56619,43.1901,34.1013,28.351,24.4192,21.5894,19.4053,15.9921,12.6678,10.7525,9.71992,9.30585
0,0,0,93.601830152,0.864858,-4.0103436025,0.677406,0.688583,0.753466,0.90181,1.23481,1.75044,2.27804,3.45618,43.7203,34.2821,28.373,24.3596,21.4842,19.3072,15.9363,12.6526,10.7607,9.74364,9.34242
0,0,0,93.5684453179,0.871024,-3.5578559134,0.646152,0.658207,0.721878,0.866543,1.19213,1.70041,2.22642,3.42996,44.1251,34.3792,28.3362,24.257,21.3465,19.1723,15.851,12.6161,10.753,9.75513,9.36942
0,0,0,93.5319431046,0.875515,-3.0044474382,0.623299,0.636581,0.700161,0.843628,1.16785,1.68017,2.21994,3.5106,44.2957,34.332,28.2029,24.0862,21.1587,18.9893,15.7286,12.5542,10.7277,9.75409,9.38778
0,0,0,93.496643214,0.878551,-2.3175455264,0.60775,0.622704,0.687384,0.832235,1.16162,1.69125,2.26454,3.74584,44.1285,34.0854,27.9394,23.8248,20.9052,18.7497,15.5634,12.4644,10.6837,9.7408,9.39884
0,0,0.298,93.4654336802,0.880185,-1.5045928996,0.599285,0.61639,0.68338,0.832287,1.1738,1.73596,2.36829,4.25103,43.6317,33.6479,27.5529,23.4787,20.5907,18.4604,15.3605,12.3495,10.6231,9.71653,9.40349
0,0,0.3024,93.4125108841,0.880567,-0.6827307791,0.597214,0.616653,0.686741,0.841541,1.2001,1.80636,2.52088,5.42229,43.115,33.2004,27.1612,23.1298,20.2749,18.1704,15.1529,12.2295,10.5571,9.6872,9.40336
0,0,0.3068,93.3017427232,0.880077,-0.088064759,0.599617,0.620892,0.693739,0.854019,1.22825,1.87483,2.66829,62.8707,43.2056,33.1033,26.9965,22.9392,20.075,17.9682,15.0015,12.1405,10.5068,9.66314,9.40039
0,0,0,93.1878206673,0.878928,0.2265612632,0.605366,0.627789,0.702684,0.867207,1.25312,1.9286,2.77914,65.4018,44.1006,33.458,27.1198,22.9473,20.0196,17.875,14.9167,12.0888,10.4758,9.64625,9.3947
0,0,0,93.1364386891,0.87693,0.3534656852,0.61536,0.638546,0.715261,0.88369,1.27975,1.97773,2.86985,69.633,45.6649,34.1651,27.4591,23.1006,20.0681,17.8594,14.8728,12.0591,10.4551,9.63169,9.38479
0,0,0,93.113837489,0.873295,0.6094895841,0.633564,0.658253,0.738441,0.914345,1.33001,2.07282,3.05253,73.5482,46.9784,34.705,27.6833,23.1715,20.0555,17.7976,14.7871,12.0018,10.4158,9.60446,9.36689
0,0,0,93.0805412221,0.868293,1.0416487307,0.658646,0.685749,0.771244,0.958511,1.4047,2.22124,3.36184,76.4504,47.7992,34.9624,27.7272,23.1188,19.9542,17.67,14.6513,11.9126,10.356,9.56471,9.34269
0,0,0,93.0363103704,0.86226,1.6593430705,0.688992,0.71951,0.812157,1.01479,1.50348,2.43058,3.86116,77.8745,48.0084,34.8923,27.5699,22.9319,19.7585,17.4734,14.4675,11.7936,10.2779,9.51446,9.3144
0,0,0,92.999042709,0.855221,2.450334225,0.724571,0.759594,0.861458,1.08396,1.62963,2.71974,4.75293,77.6695,47.5979,34.5022,27.2202,22.6185,19.4744,17.2128,14.2418,11.6485,10.1836,9.45508,9.28284
0,0,0,92.9741980921,0.847007,3.3514535973,0.766304,0.806923,0.920158,1.16745,1.78682,3.11494,114.616,76.3744,46.7873,33.9091,26.7498,22.2263,19.136,16.9131,13.9932,11.4862,10.078,9.38845,9.2476
0,0,0,92.9582796915,0.837455,4.279433231,0.815056,0.86224,0.988939,1.26597,1.97724,3.65331,114.604,74.8161,45.8833,33.2702,26.2532,21.8176,18.7866,16.6059,13.7411,11.3174,9.96638,9.3165,9.2077
0,0,0,92.9377407872,0.826501,5.1863165587,0.871151,0.925816,1.06806,1.37991,2.20335,4.41434,114.476,73.4533,45.0548,32.6719,25.7821,21.4268,18.4504,16.309,13.4956,11.1476,9.85171,9.24015,9.1624
0,0,0,92.9207635764,0.814126,6.0767330794,0.934765,0.997974,1.15811,1.51065,2.47189,5.67502,114.267,72.2292,44.2808,32.1031,25.3299,21.0491,18.1241,16.0198,13.2554,10.9759,9.73339,9.15905,9.11148
0,0,0.3552,92.9101707181,0.800217,6.9494623929,1.00652,1.07949,1.2602,1.66031,2.79244,9.24528,113.978,71.1415,43.5592,31.5623,24.8953,20.6836,17.8067,15.7375,13.0196,10.8016,9.6108,9.07256,9.05427
0,0,0.3596,92.878556564,0.784903,7.7480509678,1.0857,1.16936,1.37292,1.82663,3.1642,13.2585,113.335,70.698,43.0767,31.1455,24.5362,20.3689,17.5256,15.4823,12.8003,10.6309,9.48742,8.98208,8.99026
0,0,0.364,92.7471093748,0.768819,8.2835373231,1.1685,1.26226,1.48805,1.99453,3.54325,15.1963,111.385,72.7503,43.491,31.1858,24.4532,20.2381,17.3753,15.3242,12.6393,10.4856,9.3756,8.8931,8.91879
0,0,0,92.6310567866,0.752309,8.5517961628,1.25288,1.35557,1.60182,2.15704,3.90418,15.226,107.958,77.9949,44.9364,31.7292,24.6671,20.3028,17.3629,15.2682,12.5397,10.3658,9.2759,8.80638,8.84063
0,0,0,92.5755187849,0.735183,8.741445193,1.34025,1.45184,1.7188,2.32365,4.28114,14.8817,103.803,85.4124,46.8866,32.4838,24.9958,20.4396,17.4004,15.249,12.4628,10.2523,9.1772,8.71783,8.75795
0,0,0,92.5587288397,0.716671,9.1446355934,1.43563,1.55882,1.8518,2.52041,4.76622,15.3352,100.688,123.879,48.1101,32.8611,25.0973,20.4267,17.333,15.1532,12.342,10.118,9.06126,8.61974,8.67248
0,0,0,92.5347316975,0.696658,9.7158745152,1.53976,1.6774,2.00216,2.75055,5.28861,16.2592,98.6128,122.424,48.6326,32.9,25.0021,20.2866,17.1775,14.9937,12.1849,9.9672,8.93048,8.51263,8.58308
0,0,0,92.5023785412,0.675398,10.4283475334,1.65157,1.80663,2.16928,3.01569,5.83737,17.5533,97.568,121.484,48.4972,32.6389,24.738,20.0395,16.9493,14.7823,11.9991,9.80384,8.78835,8.39873,8.49099
0,0,0,92.4797564009,0.652884,11.224415094,1.77116,1.9465,2.35324,3.31206,6.40358,19.0756,97.1771,120.859,47.9479,32.1946,24.3725,19.7292,16.6786,14.5409,11.797,9.63388,8.63811,8.27909,8.39532
0,0,0.3948,92.4653053137,0.628962,12.0566362914,1.89933,2.09779,2.55503,3.61295,6.97857,20.7111,97.0764,120.381,47.2044,31.6658,23.9608,19.3902,16.3888,14.2862,11.588,9.46122,8.48249,8.15362,8.29441
0,0,0.3992,92.4298823799,0.603709,12.858146951,2.03543,2.25921,2.76483,3.90719,7.53304,22.1995,96.7831,119.811,46.5828,31.1926,23.5812,19.0724,16.114,14.0427,11.386,9.29265,8.32898,8.02315,8.18694
0,0,0.4036,92.2607816218,0.577847,13.3889923482,2.17346,2.41824,2.95356,4.15712,7.92803,22.4365,94.599,118.301,47.2416,31.282,23.5164,18.9552,15.9777,13.9001,11.2433,9.15455,8.19104,7.8918,8.06975
0,0,0.408,92.0637495537,0.552117,13.477915398,2.30576,2.5562,3.10505,4.32978,8.0566,20.956,88.2729,115.168,50.3478,32.382,24.0005,19.1816,16.0762,13.9274,11.1998,9.06735,8.0796,7.76285,7.94121
0,0,0.4124,91.8821120731,0.526788,12.7398884621,2.42578,2.6733,3.22158,4.43279,7.97433,18.7227,59.9977,110.415,56.6836,34.617,25.0542,19.749,16.4009,14.1153,11.2484,9.02748,7.99392,7.63988,7.80342
0,0,0.4168,91.692431843,0.50298,11.2699652387,2.53396,2.77133,3.30637,4.4754,7.73911,16.3732,38.1998,103.655,68.8094,38.4527,26.8233,20.7157,16.9789,14.4776,11.393,9.03599,7.93513,7.53085,7.6578
0,0,0.4212,91.4958630962,0.480885,9.546737374,2.63203,2.85346,3.36604,4.47483,7.42773,14.3059,27.312,94.017,116.349,44.6449,29.4798,22.1308,17.8233,15.0151,11.6293,9.08977,7.90263,7.43809,7.50841
0,0,0.4256,91.3106849207,0.460792,7.8609809492,2.72162,2.92587,3.41486,4.46549,7.15405,12.8209,21.6937,72.2325,109.753,53.4033,32.8141,23.814,18.8006,15.6292,11.9006,9.16233,7.88533,7.36102,7.37325
0,0,0,91.1267287624,0.442865,6.4393007721,2.80336,2.99276,3.46268,4.46893,6.96906,11.8804,18.7137,44.8533,103.445,64.3274,36.3755,25.4924,19.7374,16.2029,12.1459,9.22609,7.87042,7.29561,7.26012
0,0,0,90.9822685083,0.426887,5.3398348703,2.87806,3.05612,3.51286,4.48985,6.86799,11.3225,17.0769,35.2704,97.844,76.6626,39.7492,26.9688,20.5256,16.6698,12.3342,9.26738,7.8504,7.23705,7.16553
0,0,0,90.8953349022,0.412395,4.6478794707,2.94772,3.11966,3.57136,4.53761,6.86166,11.0973,16.3499,31.4981,93.7725,114.746,42.1377,27.9264,21.0029,16.9336,12.4214,9.26672,7.81457,7.17883,7.08528
0,0,0,90.8140236226,0.399247,4.2362092949,3.012,3.18139,3.63333,4.60036,6.91058,11.0566,16.0835,29.9098,91.0166,112.848,43.5889,28.4492,21.2352,17.0432,12.4354,9.23708,7.76847,7.12153,7.0154
0,0,0,90.7447686708,0.38746,3.8715331175,3.06971,3.23669,3.68872,4.65633,6.9546,11.0252,15.8681,28.6882,88.3677,111.078,44.9833,28.9361,21.448,17.1424,12.4473,9.20999,7.72692,7.07024,6.95317
1,0,0,90.6765151389,0.376718,3.5165284676,3.12229,3.28655,3.73793,4.7047,6.98841,10.9834,15.6536,27.5992,85.5692,109.316,46.481,29.4516,21.6753,17.2515,12.4663,9.18857,7.69062,7.0242,6.89658
1,0,0,90.6219795428,0.366809,3.1719860271,3.17081,3.33215,3.78236,4.74729,7.01497,10.9359,15.4456,26.6294,82.5496,107.568,48.078,29.9904,21.9131,17.3677,12.4902,9.17137,7.65835,6.9823,6.84453
1,0,0,90.543149444,0.357699,2.8796801487,3.21556,3.37448,3.82407,4.78836,7.04493,10.9094,15.2954,25.909,79.59,105.986,49.5174,30.4547,22.111,17.4603,12.5047,9.15215,7.62709,6.94327,6.79708
1,0,0,90.4732279979,0.349556,2.7528272929,3.25598,3.41483,3.86703,4.83724,7.10356,10.9689,15.3313,25.7806,78.117,104.995,50.0207,30.5681,22.1303,17.4471,12.4724,9.11552,7.58996,6.90492,6.75557
1,0,0,90.4142545556,0.342317,2.7991394715,3.29234,3.45373,3.9121,4.89543,7.19391,11.1199,15.5599,26.2343,78.5477,104.631,49.4587,30.296,21.9562,17.3201,12.39,9.05998,7.54611,6.86668,6.7196
1,0,0,90.3581783306,0.335588,2.9045407875,3.32633,3.49114,3.95683,4.95558,7.29363,11.3009,15.854,26.8943,79.4148,104.473,48.5587,29.902,21.7217,17.1583,12.2928,8.99957,7.50121,6.82956,6.68653
1,0,0,90.2987197827,0.329106,3.0031697423,3.35908,3.52716,3.99989,5.01348,7.38966,11.4754,16.1383,27.5375,80.0507,104.281,47.7313,29.535,21.5017,17.0057,12.2007,8.942,7.45824,6.79392,6.65467
1,0,0,90.2461729617,0.32278,3.06551328,3.39095,3.56168,4.04046,5.06689,7.47531,11.625,16.3743,28.0459,80.2928,103.955,47.1393,29.2566,21.328,16.8815,12.1223,8.89073,7.41864,6.76002,6.62338
1,0,0,90.1806072679,0.316576,3.0865522903,3.42209,3.59474,4.07846,5.1154,7.54925,11.7456,16.5531,28.3885,80.1754,103.481,46.797,29.0734,21.2041,16.7879,12.0586,8.84612,7.38246,6.72779,6.59244
1,0,0,90.1171727577,0.310427,3.0870966002,3.45287,3.62709,4.11517,5.16147,7.61731,11.8517,16.7028,28.6462,79.8917,102.936,46.5753,28.9364,21.1044,16.7091,12.0022,8.80473,7.34795,6.69636,6.56166
1,0,0,90.0441888006,0.304312,3.0797512812,3.48347,3.65911,4.15132,5.2065,7.68292,11.9517,16.8407,28.8697,79.5455,102.363,46.3998,28.8173,21.0142,16.6361,11.9485,8.76465,7.31414,6.66529,6.53099
1,0,0,89.9641651454,0.298216,3.0705954157,3.51397,3.69098,4.18726,5.25119,7.7478,12.0501,16.9754,29.0844,79.1837,101.785,46.235,28.7024,20.9262,16.5646,11.8956,8.72494,7.28054,6.63436,6.50041
1,0,0,89.8937805774,0.292148,3.0671003731,3.54434,3.72282,4.2233,5.29623,7.81386,12.1519,17.1172,29.3211,78.8581,101.226,46.0387,28.5757,20.8323,16.4895,11.8411,8.68463,7.24674,6.60344,6.47001
1,0,0,89.830008439,0.286107,3.0716324693,3.5746,3.75468,4.25956,5.3419,7.88177,12.2588,17.2698,29.5906,78.5824,100.696,45.7979,28.4324,20.7299,16.4094,11.7843,8.64342,7.21257,6.57246,6.43979
1,0,0,89.7620061638,0.280089,3.0800205714,3.60476,3.78652,4.29588,5.38781,7.9505,12.3681,17.4274,29.8761,78.3257,100.178,45.5366,28.2815,20.6236,16.327,11.7265,8.60184,7.17828,6.5415,6.4097
1,0,0,90.1919982498,0.274063,3.1069896948,3.63503,3.8188,4.33316,5.43576,8.02449,12.4909,17.6126,30.2434,78.1794,99.7217,45.1725,28.0915,20.497,16.2322,11.6629,8.55773,7.14279,6.51006,6.37969
1,0,0,90.7448927365,0.267988,3.1850437352,3.66572,3.85248,4.37331,5.48959,8.11344,12.6522,17.8756,30.8441,78.3301,99.4305,44.5313,27.795,20.3147,16.1034,11.5831,8.50654,7.10383,6.47717,6.34975
1,0,0,91.3402331572,0.261858,3.2883995919,3.6968,3.88705,4.41516,5.54676,8.21071,12.8348,18.1821,31.5791,78.5928,99.2147,43.7672,27.4493,20.1061,15.9584,11.4954,8.45179,7.06306,6.44343,6.31969
1,0,0,91.9165119425,0.255656,3.3727618977,3.72818,3.92162,4.45657,5.60263,8.304,13.0065,18.4661,32.248,78.7082,98.9282,43.1163,27.1452,19.9185,15.8258,11.4133,8.39924,7.02315,6.40981,6.28917
1,0,0,92.4992070796,0.249341,3.4022692241,3.75992,3.95557,4.4959,5.65344,8.38307,13.1395,18.6695,32.6664,78.4993,98.4585,42.7499,26.9503,19.7877,15.7275,11.347,8.35317,6.98602,6.3769,6.25773
1,0,0,93.1702982239,0.242889,3.3612339868,3.79208,3.98862,4.5324,5.69743,8.44304,13.2206,18.7645,32.7444,77.9048,97.7591,42.7363,26.8919,19.728,15.6722,11.3007,8.31533,6.95244,6.3449,6.22516
1,0,0,93.9167105074,0.236309,3.3114038474,3.82484,4.02212,4.56918,5.74133,8.50168,13.2969,18.848,32.784,77.2656,97.0292,42.7631,26.8479,19.6751,15.6207,11.2558,8.2777,6.91865,6.31245,6.19188
1,0,0,94.8344102626,0.229633,3.2306397166,3.85797,4.0554,4.60486,5.78238,8.55203,13.3503,18.8841,32.6779,76.4636,96.1972,42.9466,26.863,19.6526,15.5873,11.2191,8.24336,6.88618,6.2802,6.15795
1,0,0,95.5011342274,0.222929,3.1852614592,3.89137,4.08962,4.64253,5.82753,8.61293,13.4312,18.9763,32.7438,75.8513,95.4749,42.9477,26.8068,19.5925,15.531,11.1714,8.20423,6.85137,6.24699,6.12411
1,0,0,96.0721020758,0.216226,3.2038138326,3.925,4.12534,4.68357,5.87993,8.6928,13.5616,19.1697,33.1159,75.5718,94.9522,42.6164,26.6231,19.466,15.4342,11.1047,8.1569,6.81271,6.21233,6.09065
1,0,0,96.6139921387,0.209494,3.2918946345,3.95906,4.16288,4.72856,5.94065,8.79424,13.7481,19.4777,33.8369,75.6323,94.6428,41.9334,26.3034,19.2682,15.294,11.0173,8.10062,6.76975,6.17597,6.05747
1,0,0,97.2193828586,0.202697,3.4094311965,3.99358,4.20153,4.77566,6.00557,8.90619,13.9618,19.8416,34.7337,75.8075,94.4162,41.119,25.9305,19.0418,15.1359,10.9213,8.04042,6.72478,6.13866,6.02415
1,0,0,97.8307220052,0.195827,3.4830333549,4.02831,4.23955,4.8209,6.0661,9.00605,14.1431,20.1388,35.4269,75.7442,94.0454,40.532,25.6442,18.8602,15.005,10.8379,7.98539,6.68207,6.10199,5.9902
1,0,0,98.163397116,0.188842,3.5014482184,4.06337,4.27683,4.8638,6.12101,9.09013,14.2814,20.3458,35.8354,75.4114,93.5015,40.2086,25.4603,18.732,14.9063,10.7693,7.93649,6.64198,6.06596,5.95533
1,0,0,98.0877048702,0.181758,3.5154054703,4.09892,4.31454,4.90707,6.17617,9.174,14.418,20.5481,36.2259,75.0554,92.944,39.904,25.2829,18.6069,14.8092,10.7012,7.8875,6.6016,6.02951,5.91993
1,0,0,97.9783979717,0.174604,3.5234096907,4.1348,4.35247,4.95044,6.23116,9.25681,14.5509,20.742,36.5876,74.6708,92.3695,39.6254,25.1153,18.4865,14.7148,10.6342,7.83878,6.56118,5.99284,5.88414
1,0,0,97.8864627513,0.16739,3.5275349869,4.17095,4.39061,4.99394,6.28613,9.33906,14.6817,20.9307,36.9308,74.268,91.7844,39.3631,24.9535,18.369,14.622,10.5677,7.79014,6.52065,5.95595,5.84803
1,0,0,97.7942035886,0.160134,3.5299127617,4.20731,4.42893,5.0376,6.34121,9.42123,14.8117,21.1174,37.2663,73.8567,91.1951,39.1077,24.7942,18.2526,14.5297,10.5014,7.74144,6.47999,5.91888,5.8117
1,0,0,97.6955879716,0.152848,3.5320155168,4.24382,4.46741,5.08142,6.39648,9.50366,14.942,21.3045,37.6017,73.4432,90.6057,38.8525,24.6347,18.136,14.4373,10.4348,7.69257,6.43917,5.88166,5.77521
1,0,0,97.5737092573,0.145541,3.5328634944,4.28043,4.50597,5.12531,6.45177,9.58593,15.0717,21.4898,37.931,73.0236,90.0136,38.6025,24.477,18.0202,14.3453,10.3685,7.64371,6.39831,5.84436,5.73861
1,0,0,97.7864585171,0.138205,3.5301075674,4.31716,4.54458,5.16914,6.5068,9.66728,15.1986,21.6691,38.2404,72.5876,89.4108,38.3676,24.3252,17.9074,14.255,10.3028,7.59509,6.35749,5.807,5.70185
1,0,0,98.1559183113,0.130829,3.5130563434,4.35404,4.58302,5.21236,6.56029,9.74421,15.3133,21.8226,38.4668,72.0917,88.7652,38.1947,24.1975,17.8072,14.1723,10.2407,7.54785,6.31722,5.76971,5.66479
1,0,0,98.5784877281,0.123421,3.4844256424,4.39101,4.62131,5.25504,6.61246,9.81741,15.4178,21.9546,38.6249,71.5483,88.0847,38.0716,24.089,17.717,14.0956,10.1813,7.50172,6.2774,5.7325,5.62751
1,0,0,98.7169510298,0.115995,3.4704626609,4.42814,4.66008,5.29871,6.66664,9.89575,15.5356,22.1142,38.8692,71.0626,87.4448,37.8818,23.9541,17.6127,14.0103,10.1177,7.45374,6.23667,5.69489,5.59023
1,0,0,99.1274363571,0.108549,3.4012894663,4.46512,4.69744,5.33908,6.71365,9.95503,15.603,22.1692,38.7875,70.3617,86.6479,37.9367,23.9149,17.5586,13.9557,10.0686,7.41194,6.1988,5.65829,5.55252
1,0,0,99.5740109376,0.101084,3.3621621785,4.50233,4.7357,5.38137,6.76467,10.0247,15.6977,22.2808,38.8828,69.7791,85.9349,37.8562,23.8221,17.4763,13.8836,10.0111,7.36649,6.15916,5.62097,5.51491
1,0,0,99.9251727777,0.0936458,3.4163697154,4.53984,4.77639,5.42928,6.82791,10.1268,15.8779,22.5688,39.5259,69.5494,85.481,37.3601,23.5673,17.3089,13.7597,9.92925,7.31059,6.11466,5.58192,5.47796
1,0,0,100.425218166,0.0862008,3.54188185,4.57774,4.81915,5.48182,6.90105,10.2549,16.1269,23,40.6216,69.5705,85.2183,36.5645,23.194,17.0788,13.5973,9.82905,7.24675,6.0664,5.54144,5.4414
1,0,0,100.9499334257,0.0786501,3.6487843155,4.61611,4.86202,5.53397,6.97282,10.3785,16.3636,23.4056,41.6438,69.5031,84.8953,35.8648,22.8557,16.8662,13.4452,9.73334,7.18455,6.01865,5.50085,5.40421
1,0,0,101.350707614,0.0709702,3.7099017235,4.6549,4.90432,5.58406,7.03947,10.4876,16.5602,23.7268,42.3973,69.2587,84.4417,35.3615,22.5937,16.6934,13.317,9.64859,7.12671,5.97264,5.46052,5.3661
1,0,0,101.7510402903,0.0631777,3.7385324245,4.6941,4.94629,5.63278,7.10256,10.5863,16.7277,23.9858,42.9476,68.8931,83.8968,34.9901,22.3835,16.5475,13.2051,9.57121,7.07175,5.92772,5.42025,5.32722
1,0,0,101.9136660491,0.0552936,3.7493555972,4.73366,4.98824,5.6809,7.16388,10.6795,16.8794,24.2107,43.3837,68.4622,83.3018,34.688,22.2004,16.4157,13.1015,9.49755,7.01814,5.88322,5.37985,5.28779
1,0,0,101.8600912193,0.0473763,3.7606657841,4.7734,5.03038,5.72927,7.22554,10.7733,17.0324,24.4378,43.8263,68.0311,82.7081,34.3837,22.016,16.283,12.9974,9.42351,6.96429,5.83851,5.33928,5.24818
1,0,0,101.9462953899,0.0394262,3.7876864737,4.81338,5.07318,5.7789,7.28976,10.8736,17.2024,24.7004,44.3835,67.6496,82.1548,34.0186,21.8069,16.137,12.885,9.34539,6.90857,5.79285,5.29826,5.20851
1,0,0,102.1619817603,0.0314486,3.8894838852,4.85394,5.11841,5.83384,7.36526,11.0037,17.4519,25.1308,45.4947,67.505,81.7928,33.3739,21.4841,15.93,12.7348,9.24912,6.8449,5.74337,5.25575,5.16915
1,0,0,102.6134969102,0.0234368,4.0580767164,4.89509,5.16597,5.89377,7.45134,11.1617,17.7775,25.7242,47.0781,67.557,81.5942,32.5034,21.0666,15.6716,12.5525,9.13729,6.77437,5.69058,5.21194,5.13005
1,0,0,103.3691443343,0.0153341,4.231619903,4.93679,5.21432,5.9549,7.53952,11.3249,18.1172,26.3506,48.3107,67.6007,81.3955,31.645,20.6501,15.4124,12.3693,9.02456,6.70315,5.63725,5.16767,5.09055
1,0,0,103.8678481963,0.00704699,4.3419944926,4.97906,5.26175,6.01291,7.62002,11.466,18.3952,26.8444,48.9502,67.4321,81.0275,31.0191,20.3272,15.2027,12.216,8.92564,6.63743,5.58605,5.12362,5.04973
1,0,0,103.797008166,-0.00149374,4.3460109268,5.02191,5.30714,6.06491,7.68619,11.5663,18.5581,27.0853,48.9594,66.9394,80.3941,30.7429,20.1493,15.0708,12.1106,8.84904,6.58074,5.53849,5.0801,5.00693
1,0,0,103.7164992697,-0.0101611,4.2951952999,5.06503,5.3514,6.1137,7.74471,11.6449,18.6596,27.1916,48.6832,66.2868,79.6277,30.6412,20.0439,14.9778,12.029,8.78363,6.52859,5.49275,5.03685,4.96313
1,0,0,103.6113568617,-0.0188655,4.2583942208,5.10843,5.3963,6.16368,7.80562,11.7296,18.7775,27.333,48.4631,65.6788,78.898,30.4914,19.9179,14.8734,11.9402,8.7146,6.47476,5.44614,4.99316,4.91925
1,0,0,103.5478401126,-0.0276475,4.2545668627,5.15244,5.44269,6.21653,7.87229,11.8291,18.9349,27.5589,48.374,65.1686,78.2505,30.2308,19.7448,14.7431,11.8351,8.63744,6.41718,5.39756,4.94853,4.8752
1,0,0,103.4851710317,-0.0364936,4.2762074786,5.19694,5.49026,6.27165,7.94354,11.9403,19.1235,27.8516,48.3678,64.7308,77.6651,29.8866,19.5361,14.5932,11.7176,8.55412,6.35673,5.34749,4.90316,4.83098
1,0,0,103.4864602431,-0.0453915,4.309977611,5.24178,5.53854,6.32804,8.01722,12.0575,19.3281,28.1784,48.3813,64.325,77.1084,29.5041,19.3109,14.4341,11.5943,8.4678,6.29483,5.2966,4.85734,4.78658
1,0,0,103.84131341,-0.054386,4.3404360474,5.28709,5.58723,6.3848,8.09121,12.1747,19.5314,28.5011,48.3548,63.9067,76.542,29.1316,19.0892,14.2764,11.4715,8.38149,6.23267,5.24535,4.81109,4.74167
1,0,0,104.2611796037,-0.0635283,4.3749452954,5.33318,5.63687,6.44281,8.16709,12.2957,19.7432,28.8405,48.3192,63.4955,75.9822,28.7447,18.8602,14.1142,11.3455,8.29314,6.16922,5.19314,4.76404,4.69604
1,0,0,104.554278765,-0.0728271,4.398247489,5.37998,5.68697,6.50095,8.2424,12.4137,19.9448,29.1559,48.2232,63.0509,75.3942,28.3894,18.6434,13.9579,11.2228,8.20592,6.10584,5.14057,4.71637,4.64956
1,0,0,104.8334564012,-0.082272,4.4099702055,5.42743,5.73745,6.5591,8.31695,12.5284,20.1351,29.4447,48.0715,62.5736,74.778,28.0655,18.4388,13.8077,11.1034,8.1199,6.04258,5.08771,4.66815,4.60227
1,0,0,105.1257892713,-0.0918517,4.4149950453,5.47551,5.78841,6.61756,8.39143,12.6416,20.3197,29.7193,47.8848,62.0773,74.1453,27.7578,18.2401,13.6601,10.9854,8.03411,5.97905,5.03439,4.61935,4.55426
1,0,0,105.3872389474,-0.101541,4.4124568423,5.52408,5.83969,6.67608,8.46546,12.7526,20.4968,29.9759,47.6629,61.5605,73.4945,27.469,18.0486,13.5161,10.8693,7.9489,5.91548,4.98078,4.5701,4.50565
1,0,0,105.617726402,-0.111307,4.4019946329,5.57297,5.89108,6.73443,8.53869,12.8607,20.665,30.2122,47.4071,61.0226,72.8251,27.2004,17.8651,13.3761,10.7555,7.8646,5.8521,4.92707,4.52058,4.45661
1,0,0,105.9763347959,-0.12114,4.3927872012,5.62222,5.94287,6.79327,8.61263,12.9702,20.8359,30.4533,47.1467,60.4869,72.1575,26.9256,17.6785,13.2342,10.6402,7.77941,5.78815,4.87293,4.47069,4.40725
1,0,0,106.2729279339,-0.131031,4.3947237985,5.67183,5.99537,6.85336,8.68896,13.0855,21.0222,30.7276,46.9096,59.977,71.513,26.6171,17.4772,13.084,10.5197,7.69148,5.72284,4.81801,4.42035,4.35766
1,0,0,106.5356143788,-0.140964,4.3992043285,5.72168,6.04819,6.91392,8.76606,13.2026,21.2128,31.0104,46.6697,59.4713,70.8727,26.3004,17.2722,12.9315,10.3976,7.60269,5.65705,4.76276,4.36976,4.30787
1,0,0,106.7770187438,-0.150933,4.4046703458,5.77171,6.10124,6.97478,8.84364,13.3206,21.4054,31.2973,46.4228,58.9659,70.233,25.9802,17.0654,12.778,10.2748,7.51341,5.59094,4.70727,4.31897,4.25791
1,0,0,107.1393954233,-0.160938,4.4018284752,5.82186,6.15417,7.03518,8.92,13.435,21.5877,31.561,46.1444,58.4386,69.5735,25.6818,16.8675,12.6292,10.1549,7.42541,5.52529,4.65191,4.26812,4.20772
1,0,0,107.4240222069,-0.170976,4.3992902722,5.87218,6.20729,7.09579,8.99666,13.5499,21.7709,31.8263,45.8588,57.9102,68.9132,25.3813,16.6686,12.4797,10.0343,7.33706,5.4594,4.59636,4.21709,4.15737
1,0,0,107.6911250532,-0.181048,4.3968036353,5.92267,6.26058,7.15661,9.07359,13.6652,21.9547,32.0926,45.5659,57.3803,68.2519,25.0796,16.4689,12.3296,9.91339,7.24838,5.39327,4.54061,4.16589,4.10685
1,0,0,107.9421544254,-0.191142,4.3945060746,5.97327,6.314,7.21758,9.15071,13.7809,22.1392,32.3351,45.2659,56.849,67.5894,24.7764,16.2685,12.179,9.79207,7.15946,5.32698,4.48473,4.11458,4.05622
1,0,0,108.2252768928,-0.20126,4.3947524464,6.02401,6.36765,7.27891,9.22849,13.8981,22.3276,32.5263,44.9649,56.3216,66.9309,24.4659,16.0647,12.0265,9.66948,7.06985,5.26032,4.42862,4.0631,4.00548
1,0,0,108.4919426738,-0.211402,4.3986600186,6.0749,6.42156,7.3407,9.30714,14.0174,22.5216,32.6772,44.6652,55.8001,66.2782,24.1453,15.8565,11.8715,9.54527,6.97939,5.19323,4.37225,4.01146,3.95464
1,0,0,108.7079150467,-0.221567,4.4052719515,6.12593,6.47571,7.40289,9.3865,14.1384,22.72,32.7917,44.3643,55.2822,65.6295,23.8174,15.6451,11.7146,9.41984,6.88826,5.12578,4.31565,3.95967,3.9037
0,0,0,108.9695454595,-0.231754,4.4224263079,6.17716,6.5304,7.46615,9.46808,14.2652,22.934,32.8927,44.0795,54.7845,65.0006,23.4633,15.4224,11.5515,9.29044,6.79515,5.05741,4.25856,3.90763,3.8527
0,0,0,109.0102152305,-0.241975,4.432430151,6.2285,6.58499,7.52901,9.5486,14.3889,23.1388,32.9432,43.7715,54.2694,64.3556,23.1268,15.2068,11.3922,9.16331,6.70304,4.98937,4.20155,3.85552,3.80149
0,0,0,108.9211550897,-0.252209,4.4361429175,6.27986,6.63941,7.59138,9.62801,14.5094,23.3349,32.9513,43.4447,53.7408,63.6988,22.8057,14.9978,11.2363,9.0383,6.61192,4.92174,4.1447,3.80342,3.75019
0,0,0,108.8343410779,-0.262452,4.4372372669,6.33124,6.69376,7.65358,9.70698,14.6287,23.5274,32.9289,43.1076,53.2068,63.0375,22.4907,14.7912,11.0818,8.91412,6.52116,4.85424,4.08789,3.75131,3.69883
0,0,0,108.7527726665,-0.272696,4.4372888331,6.38261,6.74808,7.71569,9.78576,14.7474,23.7184,32.8823,42.7639,52.6706,62.3748,22.1782,14.5857,10.9279,8.7903,6.43058,4.78682,4.03111,3.6992,3.64745
0,0,0,108.6682650687,-0.282937,4.4373976951,6.43397,6.80238,7.77778,9.86452,14.8661,23.9094,32.8159,42.416,52.1343,61.713,21.8657,14.3803,10.7739,8.66649,6.34002,4.71941,3.97435,3.64711,3.5961
0,0,0,108.5762618492,-0.293176,4.4373976951,6.48532,6.85667,7.83986,9.94325,14.9848,24.1002,32.731,42.0639,51.5979,61.0516,21.5535,14.1749,10.6201,8.54274,6.24949,4.65202,3.9176,3.59504,3.54475
0,0,0,108.4737378096,-0.30341,4.4373747768,6.53665,6.91094,7.9019,10.0219,15.1033,24.2909,32.6295,41.7078,51.0612,60.3909,21.2414,13.9697,10.4663,8.41905,6.15901,4.58466,3.86087,3.54298,3.49342
0,0,0,108.3754792469,-0.313638,4.4370711092,6.58793,6.96515,7.96388,10.1005,15.2217,24.4743,32.5123,41.3475,50.524,59.7303,20.9302,13.7649,10.3128,8.29554,6.06862,4.51737,3.8042,3.49097,3.44213
0,0,0.7,108.2769777425,-0.323858,4.4371799711,6.63919,7.01934,8.02585,10.1791,15.3402,24.6241,32.3817,40.9843,49.9875,59.0712,20.6183,13.5598,10.1592,8.17198,5.97824,4.4501,3.74755,3.43898,3.39087
0,0,0.7,108.1525083353,-0.333856,4.3574872714,6.68862,7.0689,8.07876,10.2394,15.4112,24.6272,32.107,40.4766,49.3059,58.2682,20.4849,13.4319,10.0486,8.07587,5.90182,4.38952,3.69459,3.38901,3.34037
0,0,0.7,107.9660028738,-0.343103,4.052312761,6.73235,7.10471,8.10537,10.2469,15.348,24.3003,31.4683,39.5813,48.2247,57.0639,20.8756,13.5271,10.0618,8.05869,5.86568,4.34853,3.6527,3.34537,3.29271
0,0,0.7,107.7226972229,-0.35129,3.5012534128,6.76909,7.12468,8.10249,10.1968,15.1429,23.6575,30.4701,38.2913,46.7265,55.4335,22.0522,13.893,10.2215,8.1339,5.87647,4.33068,3.6243,3.30998,3.24961
0,0,0,107.4376167646,-0.358328,2.7322294602,6.79937,7.13041,8.07369,10.0977,14.8241,22.782,29.1981,36.6871,44.8837,53.4406,62.0819,14.5573,10.5341,8.30267,5.93356,4.33556,3.60946,3.28333,3.21201
0,0,0,107.1497281672,-0.364047,1.7208959264,6.82331,7.12134,8.01796,9.94852,14.3958,21.6941,27.6652,34.7688,42.6823,51.0594,59.6082,15.6527,11.052,8.59198,6.04769,4.36767,3.6107,3.26712,3.1812
0,0,0,107.0017330273,-0.368563,0.6213211626,6.84322,7.10527,7.95165,9.78388,13.9484,20.6027,26.1211,32.811,40.4062,48.5724,57.0052,17.1291,11.7246,8.96444,6.19831,4.41729,3.62313,3.25928,3.15737
0,0,0,106.8731141849,-0.372512,-0.1941513325,6.8626,7.09824,7.90877,9.67241,13.6451,19.866,25.0204,31.3531,38.6532,46.6086,54.9117,18.4268,12.2775,9.25953,6.31196,4.45212,3.62993,3.25109,3.13746
0,0,0,106.738962356,-0.375755,-0.766222189,6.87939,7.09664,7.88277,9.60054,13.4473,19.3829,24.2499,30.2834,37.3206,45.0764,53.2467,19.7471,12.6941,9.47481,6.39105,4.47431,3.63245,3.24324,3.1215
0,0,0,106.6090183832,-0.378057,-1.1202413515,6.8916,7.09752,7.8689,9.55927,13.3317,19.089,23.7338,29.5239,36.3357,43.911,51.9534,21.371,12.9634,9.61026,6.4387,4.48637,3.63249,3.23699,3.11031
0,0,0,106.4788359575,-0.379357,-1.3142219426,6.8986,7.09832,7.86169,9.5373,13.2699,18.9123,23.3811,28.9709,35.589,43.0023,50.9246,59.1271,13.116,9.68611,6.46495,4.49283,3.63234,3.2334,3.10403
0,0,0,106.3347095138,-0.379943,-1.3690826515,6.90169,7.09969,7.86091,9.53263,13.2547,18.8269,23.1574,28.5837,35.0376,42.308,50.1197,58.2249,13.1554,9.70444,6.47017,4.4931,3.63103,3.23126,3.10117
0,0,0,106.2024769767,-0.379951,-1.3781754917,6.90175,7.09945,7.86027,9.53124,13.2513,18.7565,22.9634,28.2417,34.5438,41.6793,49.3845,57.4043,13.1638,9.70889,6.47198,4.49379,3.63133,3.23137,3.10114
0,0,0,106.0842907297,-0.379382,-1.3957481073,6.89896,7.096,7.85572,9.52454,13.2392,18.6607,22.7466,27.8797,34.032,41.0332,48.6319,56.5692,13.1926,9.72665,6.48155,4.49936,3.63534,3.23462,3.10401
1,0,0,105.9725270382,-0.378263,-1.407413528,6.89339,7.08989,7.84848,9.51496,13.224,18.5514,22.5213,27.5149,33.5218,40.3914,47.8846,55.7439,13.2275,9.75009,6.49567,4.50844,3.64235,3.24065,3.10962
1,0,0,105.6642412235,-0.376821,-1.4620507833,6.88635,7.08084,7.83619,9.49639,13.1896,18.3989,22.2483,27.0977,32.954,39.6867,47.0702,54.8513,13.3135,9.80049,6.52215,4.52343,3.65293,3.24908,3.11691
1,0,0,105.4204669091,-0.375093,-1.5094573113,6.87785,7.07055,7.82284,9.47702,13.1553,18.2401,21.9745,26.6853,32.3955,38.9936,46.2679,53.9703,13.435,9.85198,6.5502,4.53993,3.66491,3.25889,3.12562
1,0,0,105.3208053998,-0.373015,-1.5292071665,6.86752,7.05929,7.80956,9.45961,13.128,18.0873,21.7152,26.2967,31.8687,38.3378,45.506,53.1308,13.587,9.89493,6.57616,4.55668,3.67787,3.27006,3.13604
1,0,0,105.2089204921,-0.370637,-1.528141465,6.85562,7.04709,7.79611,9.44339,13.1031,17.936,21.4639,25.9235,31.3639,37.7085,44.7729,52.321,13.7821,9.93192,6.60088,4.57387,3.69179,3.28245,3.14794
1,0,0,105.0825528679,-0.36813,-1.4872150897,6.84296,7.03541,7.78488,9.43251,13.0809,17.799,21.2363,25.5847,30.9034,37.1312,44.0967,51.5706,13.9983,9.9502,6.61845,4.58863,3.70487,3.29482,3.16041
1,0,0,104.9726987903,-0.365546,-1.4319189329,6.82986,7.02375,7.77425,9.42334,13.0519,17.6604,21.0117,25.254,30.4559,36.5705,43.4392,50.8397,14.2761,9.96218,6.63373,4.60272,3.71782,3.30735,3.17326
1,0,0,104.8784018128,-0.362861,-1.3889700165,6.81631,7.01121,7.76214,9.41152,13.0068,17.5043,20.7696,24.9059,29.9906,35.9909,42.7614,50.0873,14.6838,9.99378,6.65265,4.61856,3.73185,3.32062,3.18663
1,0,0,104.5256853577,-0.360099,-1.3615940931,6.80242,6.99781,7.74843,9.39672,12.9457,17.3306,20.5094,24.5393,29.5061,35.3906,42.0611,49.3106,15.2882,10.0624,6.67564,4.63626,3.74693,3.33454,3.20041
1,0,0,104.4135313104,-0.357296,-1.3472243116,6.78836,6.98381,7.73351,9.3796,12.8705,17.1419,20.2342,24.1577,29.0059,34.7734,41.3419,48.5133,16.2284,10.1708,6.70181,4.65534,3.76277,3.3489,3.21441
1,0,0,104.3101659647,-0.354467,-1.3425776239,6.7742,6.9694,7.71774,9.36077,12.7831,16.9409,19.9471,23.7648,28.4944,34.1438,40.6088,47.7002,18.0755,10.3222,6.73031,4.67544,3.77915,3.36356,3.22855
1,0,0,104.2297040688,-0.351611,-1.3413744125,6.75991,6.95474,7.70155,9.34092,12.6859,16.7315,19.6531,23.3665,27.9787,33.5102,39.8707,46.8808,58.3642,10.5196,6.75982,4.69602,3.79582,3.37842,3.24283
0,0,0,104.1361397253,-0.348733,-1.3393003053,6.74551,6.93999,7.6853,9.3151,12.5808,16.5162,19.3553,22.9667,27.4633,32.8777,39.1336,46.0615,56.8654,10.768,6.79124,4.71669,3.81258,3.39339,3.25723
0,0,0,104.045932727,-0.345846,-1.3337827217,6.73105,6.92529,7.66926,9.28177,12.4689,16.2968,19.0556,22.5675,26.9508,32.2494,38.4008,45.2459,55.4886,11.0751,6.83678,4.73712,3.82926,3.40833,3.27166
0,0,0,103.9621714259,-0.342958,-1.3264316732,6.71659,6.91065,7.65334,9.24094,12.35,16.0726,18.7529,22.1676,26.4395,31.6233,37.6701,44.4316,54.1925,11.456,6.90014,4.75739,3.84586,3.42325,3.28609
0,0,0,103.8820538215,-0.34007,-1.3188113345,6.70212,6.89601,7.63743,9.19259,12.2239,15.8429,18.4465,21.7658,25.9278,30.9976,36.9395,43.6164,52.9524,11.9328,6.98298,4.77764,3.86246,3.43816,3.30052
0,0,0,103.8123274499,-0.337179,-1.3132651031,6.68765,6.8813,7.61871,9.13657,12.0901,15.607,18.135,21.3603,25.4137,30.3696,36.2058,42.7967,51.7493,12.5422,7.08746,4.79982,3.87915,3.45313,3.31498
0,0,0,103.7475694909,-0.334286,-1.3079365956,6.67317,6.86656,7.59321,9.07334,11.9495,15.3657,17.8196,20.9527,24.8987,29.7414,35.4715,41.9753,50.5828,13.3433,7.21489,4.83227,3.89586,3.4681,3.32944
0,0,-6.4971924765,103.6852329801,-0.331393,-1.3033472036,6.65869,6.85181,7.56098,9.003,11.8021,15.1192,17.5003,20.5426,24.3826,29.1124,34.7359,41.1513,49.4459,14.4697,7.36746,4.8765,3.913,3.48309,3.3439
0,0,-0.232,103.5978625045,-0.328802,-1.1832151427,6.64543,6.84055,7.53147,8.94258,11.6798,14.9179,17.241,20.2109,23.9657,28.6042,34.1404,40.4829,48.6427,15.8777,7.508,4.91933,3.93006,3.49446,3.3567
0,0,-0.2364,103.5409190508,-0.326728,-0.8974696311,6.63445,6.83035,7.50868,8.89894,11.5947,14.7804,17.0651,19.987,23.6853,28.263,33.7408,40.0341,48.2855,17.6698,7.61419,4.95345,3.94544,3.50164,3.36677
0,0,-0.2408,103.4987383663,-0.324755,-0.7169363595,6.62424,6.81263,7.47618,8.84195,11.4896,14.615,16.8559,19.7232,23.3574,27.8659,33.2773,39.5148,47.7907,77.9084,7.75651,5.00278,3.97072,3.51593,3.3765
0,0,0,103.4658123895,-0.322119,-1.1620443522,6.61182,6.78732,7.43348,8.77043,11.3619,14.4175,16.6079,19.4122,22.9721,27.4005,32.7345,38.9068,47.1088,77.2846,7.94333,5.06927,4.00662,3.53805,3.39014
0,0,0,103.4399538357,-0.318279,-1.6785142383,6.59393,6.75451,7.38046,8.68401,11.2109,14.1865,16.319,19.0512,22.5257,26.8612,32.1049,38.2005,46.2213,76.8227,8.1836,5.15472,4.05381,3.56826,3.41016
0,0,0,103.4160757885,-0.313189,-2.2394112718,6.57046,6.71487,7.31889,8.58626,11.0436,13.9337,16.0044,18.6592,22.0419,26.2767,31.4217,37.4325,45.2191,76.4577,8.47583,5.25777,4.11172,3.60646,3.43684
0,1,0,103.4046923009,-0.306768,-2.788774665,6.54081,6.66943,7.25178,8.48344,10.8726,13.6796,15.6904,18.2703,21.5637,25.7001,30.7479,36.6746,44.2527,76.0683,8.80548,5.37363,4.17847,3.65208,3.47053
0,1,0,102.8992597234,-0.299038,-3.3551606342,6.50522,6.61767,7.17768,8.37257,10.692,13.4144,15.3642,17.8679,21.07,25.1051,30.052,35.8906,43.2517,75.7176,9.19098,5.50621,4.25559,3.70573,3.51121
0,1,0,101.965139631,-0.290035,-3.9237868684,6.46383,6.56016,7.09774,8.25569,10.5055,13.1439,15.0334,17.4613,20.5725,24.5061,29.3509,35.0996,42.2527,75.3817,9.63414,5.65432,4.3424,3.767,3.5587
0,1,0,100.7664869365,-0.279828,-4.3517405047,6.41581,6.49997,7.01976,8.148,10.3423,12.9151,14.7578,17.1277,20.1697,24.0264,28.7945,34.4765,41.5471,74.7841,10.0573,5.79829,4.43042,3.83202,3.61195
0,1,0,99.4315474767,-0.268459,-4.6293213677,6.36102,6.43713,6.94387,8.04971,10.2027,12.7279,14.5376,16.8672,19.8621,23.668,28.387,34.0283,41.1402,73.9179,10.4379,5.93434,4.51805,3.89995,3.67048
0,1,0,97.7270721252,-0.256021,-4.8640048806,6.3006,6.36985,6.86475,7.94984,10.0648,12.5468,14.3269,16.6208,19.5745,23.3365,28.014,33.6222,40.8127,73.0045,10.8323,6.07565,4.61064,3.97284,3.73425
0,1,0,96.1003296188,-0.242589,-5.1905449872,6.23607,6.29615,6.77611,7.83552,9.9031,12.3303,14.0723,16.3193,19.2178,22.9193,27.5375,33.0958,40.266,72.3072,11.3423,6.24219,4.71618,4.05397,3.80373
0,1,0,94.4925600574,-0.22823,-5.6720988253,6.1685,6.21553,6.67573,7.70185,9.70765,12.0621,13.7525,15.9349,18.7555,22.3692,26.8978,32.3768,39.3636,71.9385,12.0584,6.44623,4.8393,4.1452,3.87918
0,1,0,93.0717564629,-0.213019,-6.1598692555,6.09701,6.1311,6.57151,7.56421,9.50816,11.7899,13.4285,15.5461,18.2883,21.8127,26.2497,31.6464,38.4493,71.6056,12.9073,6.6659,4.97063,4.24225,3.9594
0,1,-0.298,91.9346631218,-0.196934,-6.5534912607,6.02038,6.04417,6.46773,7.43144,9.32192,11.5417,13.1367,15.2,17.877,21.328,25.6902,31.021,37.719,71.1168,13.8079,6.88375,5.10315,4.34209,4.04369
0,1,-0.3024,90.6088308214,-0.180036,-6.8991566985,5.93927,5.95418,6.36239,7.29923,9.14027,11.3032,12.8585,14.8727,17.4909,20.876,25.1716,30.4446,37.0694,70.5639,14.8279,7.10615,5.23932,4.44561,4.13198
0,0,-0.3068,89.2229478545,-0.162396,-7.2332483888,5.85439,5.86092,6.25418,7.16462,8.95709,11.0643,12.5808,14.5469,17.1076,20.4281,24.6583,29.8744,36.428,70.0169,16.0929,7.33918,5.3813,4.55357,4.22421
0,0,-0.3112,87.7742440996,-0.144071,-7.6201094921,5.76678,5.76388,6.14082,7.02264,8.76236,10.8086,12.2822,14.1948,16.6906,19.937,24.0906,29.2381,35.6781,69.589,18.0594,7.59668,5.53419,4.66805,4.32079
0,0,-0.3156,86.7523358366,-0.125176,-8.0206642867,5.67658,5.66421,6.02464,6.87749,8.56378,10.5482,11.9781,13.836,16.2651,19.4346,23.5077,28.5822,34.9004,69.2054,46.1906,7.87119,5.69452,4.78723,4.42083
0,0,-0.32,86.0291090066,-0.105983,-8.2931630141,5.58331,5.56475,5.91238,6.74175,8.38479,10.3201,11.7161,13.5321,15.9112,19.0245,23.0409,28.0667,34.3411,68.6136,46.176,8.12638,5.84773,4.90399,4.52123
0,0,0,85.8743908958,-0.0869975,-8.1844156245,5.48617,5.4704,5.81553,6.6368,8.26521,10.1876,11.5772,13.3886,15.7669,18.8866,22.9201,27.9749,34.4639,67.3742,44.8631,8.28838,5.96517,5.00446,4.61596
0,0,0,85.6138815338,-0.0681313,-7.6725351304,5.38489,5.38098,5.73404,6.56292,8.20636,10.1538,11.5665,13.4131,15.844,19.0387,23.1701,28.3387,35.5902,65.4429,42.1072,8.34689,6.04346,5.08746,4.70506
0,0,-0.3332,85.3815401,-0.0487073,-7.0262960332,5.27998,5.29054,5.65456,6.49573,8.16359,10.1491,11.5953,13.4917,15.9954,19.291,23.5509,28.8639,38.0614,63.2774,38.5467,8.37692,6.11224,5.1678,4.7956
0,0,-0.3376,84.875591341,-0.0289942,-6.2349840224,5.17314,5.20088,5.57915,6.43803,8.14145,10.1805,11.6729,13.637,16.2376,19.6649,24.0879,29.5784,69.2466,60.8454,19.2028,8.37546,6.16917,5.24388,4.8865
0,0,-0.342,84.3226160197,-0.00965309,-5.3547947984,5.06866,5.11491,5.50953,6.3899,8.13733,10.2422,11.791,13.8371,16.5537,20.1363,24.747,30.4668,66.8576,58.2317,17.5314,8.35234,6.21575,5.31467,4.97541
0,0,-0.3464,84.0537833468,0.00884438,-4.5505282118,4.97025,5.03284,5.44175,6.34113,8.12872,10.2953,11.8979,14.0225,16.8507,20.5815,25.3691,31.5717,64.5634,55.7344,16.5591,8.34146,6.26385,5.38416,5.06164
0,0,-0.3508,83.816389089,0.0262599,-3.8472110591,4.87887,4.95521,5.37587,6.29084,8.11259,10.3336,11.9845,14.1802,17.11,20.9755,25.9219,33.0597,62.4114,53.4104,15.9359,8.34468,6.31388,5.45181,5.14397
0,0,-0.3552,83.5762310142,0.0425722,-3.1840009521,4.79399,4.88292,5.31443,6.24412,8.09891,10.3734,12.072,14.3383,17.3685,21.3659,26.4653,35.8966,60.3102,51.1513,15.4472,8.34791,6.36042,5.51523,5.22169
0,0,0,83.3526872922,0.0578885,-2.5008977504,4.71472,4.81635,5.25939,6.20548,8.09736,10.4315,12.1829,14.5269,17.6664,21.805,27.0644,66.0915,58.1642,48.8417,14.9877,8.33987,6.39926,5.57294,5.29497
0,0,0,83.2222192761,0.0725371,-1.8366735081,4.63952,4.75319,5.20735,6.1696,8.09884,10.4938,12.2993,14.7228,17.9735,22.254,27.6817,64.089,56.0441,46.5671,14.5962,8.33155,6.43579,5.6281,5.36571
0,0,-0.3684,83.1320184374,0.086806,-1.2953945494,4.56706,4.69,5.15199,6.1253,8.08177,10.5241,12.3733,14.8621,18.2055,22.6045,28.3063,62.2646,54.1388,44.5596,14.355,8.34497,6.47995,5.68557,5.43555
0,0,-0.3728,83.0044453526,0.100568,-0.9125498803,4.49769,4.62654,5.09224,6.06982,8.03955,10.51,12.3873,14.9203,18.3287,22.8132,28.9033,60.6796,52.5179,42.9085,14.2626,8.3845,6.53341,5.74557,5.50361
0,0,-0.3772,82.8344393599,0.113648,-0.681252548,4.43205,4.56373,5.0293,6.00482,7.97426,10.4534,12.3432,14.8989,18.3442,22.8808,29.4398,59.3282,51.1725,41.6043,14.2927,8.44668,6.59435,5.80677,5.56868
0,0,-0.3816,82.6471858668,0.125999,-0.5748141784,4.37021,4.50227,4.96468,5.93308,7.8912,10.363,12.2519,14.8118,18.2699,22.8305,29.9154,58.1711,50.0552,40.5869,14.4162,8.52612,6.66047,5.86803,5.63031
0,0,-0.386,82.4699040903,0.137678,-0.5047609206,4.31177,4.44354,4.90211,5.8623,7.80654,10.2669,12.1513,14.7103,18.1743,22.7507,30.5694,57.0739,49.0106,39.6643,14.559,8.60686,6.72531,5.9269,5.68863
0,0,0,82.2782978183,0.148793,-0.3031886387,4.25609,4.39013,4.84844,5.80666,7.75045,10.2184,12.114,14.6934,18.191,22.8146,33.0357,55.7836,47.7526,38.4941,14.5764,8.65758,6.77619,5.97859,5.74405
0,0,0,82.1079233755,0.159303,0.0508065741,4.20349,4.34267,4.80479,5.76826,7.72732,10.2256,12.1511,14.7767,18.3408,23.0493,61.4561,54.2698,46.2503,37.0453,14.455,8.67413,6.81124,6.02228,5.79652
0,0,0,82.0202456997,0.169278,0.4753985525,4.15374,4.29936,4.76724,5.73957,7.722,10.2627,12.2279,14.9134,18.5614,23.3738,59.8664,52.6575,44.6475,35.4937,14.2757,8.6734,6.8376,6.06111,5.84661
0,0,-0.4036,81.9238073381,0.178736,0.9095246631,4.1068,4.25897,4.73302,5.71516,7.7233,10.3099,12.3181,15.0676,18.8043,23.7931,58.2647,51.0408,43.0514,33.9689,14.0928,8.66744,6.86032,6.09716,5.8945
0,0,-0.408,81.7933085304,0.187619,1.3520944528,4.06297,4.22181,4.70247,5.69543,7.73172,10.3682,12.4224,15.2402,19.0702,24.4062,56.6537,49.4232,41.4665,32.4779,13.9067,8.6562,6.8792,6.13021,5.93993
0,0,-0.4124,81.5949703122,0.195745,1.8119274609,4.02316,4.18902,4.67708,5.68252,7.75089,10.443,12.548,15.4403,19.3705,25.3715,55.022,47.7922,39.8796,31.0066,13.7096,8.63695,6.89263,6.15911,5.98204
0,0,-0.4168,81.3803262867,0.203032,2.2695774998,3.98777,4.16067,4.6565,5.67535,7.77802,10.529,12.6874,15.6571,19.6899,27.1031,53.3978,46.1792,38.326,29.5969,13.5142,8.61275,6.90168,6.18406,6.0204
0,0,0,81.1700128469,0.20955,2.7434307851,3.95651,4.13681,4.64125,5.67533,7.81652,10.6328,12.8497,15.9032,20.0451,58.4188,51.7579,44.5595,36.7798,28.2206,13.3102,8.58119,6.9055,6.20495,6.05545
0,0,0,80.9770461718,0.215313,3.2177768141,3.92926,4.11706,4.63058,5.68099,7.86341,10.7489,13.0274,16.1683,20.423,56.7954,50.1259,42.9594,35.2705,26.9121,13.108,8.54529,6.90543,6.22234,6.08722
0,0,0,80.8472861763,0.22028,3.6130260195,3.9059,4.09986,4.62088,5.68489,7.90219,10.847,13.1782,16.3938,20.8123,55.2742,48.6126,41.4974,33.9249,25.8082,12.9507,8.51764,6.90671,6.23798,6.11491
0,0,0,80.7298787378,0.224473,3.9224862542,3.88619,4.08489,4.61159,5.686,7.93051,10.9222,13.2956,16.5707,21.2555,53.8651,47.2271,40.1811,32.7476,24.9034,12.8364,8.49884,6.90971,6.25198,6.13835
1,0,0,80.6138418154,0.227942,4.1904185079,3.87001,4.07282,4.60455,5.68826,7.95707,10.9906,13.4015,16.7293,21.843,52.5123,45.9085,38.9443,31.6652,24.1095,12.7389,8.48183,6.91155,6.2634,6.15802
1,0,0,80.5140948454,0.230606,4.4884081276,3.8581,4.06575,4.60384,5.69945,7.99847,11.0823,13.5372,16.9257,22.8501,51.1241,44.5592,37.6837,30.5685,23.3084,12.6192,8.45477,6.90698,6.27015,6.17409
1,0,0,80.431719088,0.232479,4.8127079692,3.85038,4.06355,4.60928,5.7193,8.05419,11.1965,13.7014,17.1581,25.165,49.7064,43.1864,36.4081,29.4676,22.5105,12.4812,8.41865,6.89646,6.27247,6.18665
1,0,0,80.342632981,0.233628,5.1286139792,3.84635,4.06509,4.61875,5.74387,8.11601,11.3181,13.8738,17.3986,54.48,48.305,41.8386,35.1682,28.4143,21.7656,12.3434,8.37944,6.88272,6.2715,6.19573
1,0,0,80.2568678609,0.234169,5.4334848219,3.84541,4.0697,4.63147,5.77209,8.18227,11.4447,14.0512,17.6894,53.0793,46.9254,40.5216,33.9696,27.413,21.0743,12.2083,8.33833,6.86654,6.26788,6.20185
1,0,0,80.17147841,0.234187,5.6704945435,3.84678,4.0755,4.6439,5.79728,8.2385,11.5498,14.1968,18.0294,51.7623,45.6399,39.3096,32.8864,26.534,20.498,12.1016,8.30408,6.85194,6.26316,6.20472
1,0,0,80.0561917352,0.233553,5.7548453901,3.85049,4.08098,4.65219,5.81098,8.2649,11.5952,14.2577,18.327,50.6293,44.5512,38.3048,32.017,25.8666,20.1102,12.0569,8.28752,6.84319,6.25825,6.20255
1,0,0,79.9465665393,0.232059,5.6373833125,3.85725,4.08595,4.65485,5.8092,8.25109,11.5605,14.2043,18.4813,49.7352,43.7125,37.5567,31.4039,25.4425,19.9294,12.0919,8.29391,6.84202,6.253,6.19361
1,0,0,79.908609171,0.229755,5.3738169972,3.86721,4.09158,4.65463,5.79773,8.2105,11.471,14.0726,18.514,49.0094,43.0477,36.9842,30.9619,25.1738,19.8712,12.1841,8.3159,6.84541,6.24665,6.17898
1,0,0,79.850852354,0.226812,5.032202371,3.88001,4.09875,4.65422,5.78288,8.15853,11.3571,13.9049,18.4956,48.3695,42.4704,36.4982,30.6008,24.9732,19.8573,12.3081,8.34536,6.85032,6.23883,6.16046
1,0,0,79.815393014,0.223445,4.6751178843,3.89496,4.10789,4.65568,5.76981,8.10818,11.2442,13.7376,18.5205,47.7422,41.9053,36.0226,30.2461,24.7707,19.8276,12.4393,8.37486,6.85412,6.22943,6.13993
1,0,0,79.796866193,0.219836,4.3225998713,3.91128,4.11852,4.65895,5.75928,8.06227,11.1389,13.5805,18.6383,47.1051,41.3295,35.5351,29.8767,24.5479,19.768,12.5705,8.40273,6.85659,6.21893,6.11852
1,0,0,79.7875638477,0.216097,3.958192984,3.92831,4.12968,4.66253,5.74883,8.01606,11.0329,13.4321,18.8449,46.4775,40.7631,35.0556,29.512,24.3234,19.6965,12.7116,8.43227,6.8594,6.20827,6.09664
1,0,0,79.7862992313,0.212372,3.5787058475,3.94537,4.14053,4.66544,5.73711,7.96758,10.9235,13.2938,19.1751,45.8634,40.21,34.5883,29.1564,24.1017,19.6183,12.8609,8.46518,6.86366,6.1983,6.07501
1,0,0,79.7885277469,0.208792,3.1829409801,3.96178,4.15038,4.66687,5.72316,7.91552,10.8091,13.1642,19.7295,45.2647,39.672,34.1348,28.8116,23.885,19.5363,12.9928,8.50277,6.87025,6.18975,6.05433
1,0,0,80.2206989508,0.205455,2.7576917046,3.97704,4.15848,4.66567,5.70511,7.85644,10.6838,13.0348,20.9854,44.6935,39.1616,33.7075,28.4893,23.6843,19.4609,13.1132,8.54822,6.88076,6.18353,6.03503
1,0,0,80.8806424327,0.202507,2.3408305312,3.99059,4.16491,4.66289,5.68572,7.79719,10.561,12.9293,49.5402,44.1029,38.6322,33.2615,28.148,23.463,19.3622,13.206,8.59657,6.89346,6.17942,6.0181
1,0,0,81.4872028935,0.200057,1.994735375,4.00199,4.17041,4.66078,5.67003,7.74916,10.4617,12.8918,48.823,43.4259,38.0178,32.7335,27.7293,23.1697,19.197,13.2448,8.6378,6.90439,6.17627,6.00432
1,0,0,82.1212641828,0.198146,1.750265743,4.01102,4.17529,4.66042,5.6604,7.71745,10.3968,12.9558,47.9887,42.6322,37.2896,32.0974,27.2101,22.785,18.9501,13.2205,8.66615,6.91128,6.17326,5.99383
1,0,0,82.81801367,0.196824,1.5713997785,4.0173,4.17851,4.65978,5.65293,7.69387,10.3695,13.1169,47.0769,41.7631,36.4899,31.3951,26.6311,22.3464,18.654,13.1549,8.6878,6.91688,6.17153,5.98662
1,0,0,83.5469298766,0.19608,1.3918749126,4.02072,4.17875,4.65584,5.64157,7.66537,10.3626,13.3471,46.1579,40.8898,35.6893,30.6948,26.0553,21.91,18.3567,13.0793,8.71431,6.92603,6.17287,5.98236
1,0,0,84.2575809355,0.195877,1.1440993141,4.02137,4.17488,4.64579,5.62049,7.61932,10.3516,13.6013,45.3025,40.083,34.9561,30.0604,25.5404,21.5256,18.0996,13.0207,8.75782,6.94373,6.1791,5.98071
1,0,0,85.0237407734,0.196186,0.7809013677,4.01942,4.16622,4.62783,5.58595,7.5477,10.3156,13.828,44.5583,39.3886,34.3337,29.531,25.1205,21.2217,17.9062,12.9945,8.82764,6.97373,6.19165,5.98154
1,0,0,86.0193555801,0.196998,0.3437672286,4.01508,4.15377,4.6041,5.5422,7.45957,10.2713,14.0697,43.8769,38.7576,33.7732,29.0598,24.7518,20.9597,17.7438,12.9808,8.91288,7.01323,6.20948,5.98511
1,0,0,86.7021467022,0.198206,-0.1963640955,4.00899,4.13771,4.57421,5.48792,7.3517,10.2063,14.2839,43.2868,38.2168,33.2993,28.6682,24.4526,20.7545,17.6248,12.9874,9.00262,7.06454,6.23326,5.99107
1,0,0,87.3437754958,0.199994,-0.762285969,4.00036,4.11864,4.54066,5.42897,7.24305,10.1538,14.5883,42.7105,37.6897,32.838,28.2871,24.1607,20.5525,17.5044,12.9863,9.08224,7.123,6.26174,6.00056
1,0,0,87.9895276005,0.20254,-1.2969014284,3.98825,4.09666,4.50483,5.36893,7.1516,10.1424,15.1791,42.0913,37.1208,32.3368,27.8683,23.8336,20.3174,17.3533,12.9591,9.14289,7.18501,6.29396,6.01441
1,0,0,88.5601311046,0.205926,-1.772828821,3.97216,4.07172,4.46727,5.30929,7.08312,10.1919,16.8061,41.4038,36.4858,31.7732,27.3919,23.4539,20.035,17.1597,12.8984,9.18089,7.24845,6.32923,6.03283
1,0,0,89.17778238,0.210209,-2.1988916966,3.95169,4.04327,4.42717,5.24869,7.03727,10.3083,45.6237,40.6589,35.7963,31.1589,26.8694,23.0325,19.7149,16.9321,12.8099,9.1991,7.31002,6.36804,6.056
1,0,0,89.861116662,0.215413,-2.6648782714,3.92693,4.00986,4.381,5.18013,6.99861,10.4505,44.8733,39.9447,35.1379,30.5748,26.3744,22.6345,19.4128,16.7165,12.724,9.21329,7.36655,6.41394,6.08437
1,0,0,90.4448709383,0.221536,-3.2351718127,3.89816,3.9707,4.32666,5.10491,6.95511,10.5786,44.2157,39.323,34.5691,30.0748,25.9552,22.3015,19.1636,16.5419,12.6598,9.23357,7.42272,6.46987,6.11851
1,0,0,90.8318543598,0.228584,-3.9089014249,3.86554,3.92603,4.2646,5.03182,6.9067,10.6862,43.6501,38.792,34.0872,29.6553,25.6074,22.029,18.963,16.4047,12.615,9.25903,7.47803,6.53618,6.15885
1,0,0,91.0445822526,0.236632,-4.5555530516,3.82822,3.87728,4.19912,4.97054,6.87951,10.8704,43.051,38.2279,33.5735,29.2056,25.2313,21.7299,18.7376,16.2443,12.5503,9.2693,7.52164,6.59813,6.20497
1,0,0,91.0330451248,0.245748,-5.1466105835,3.78563,3.82438,4.13782,4.92323,6.88017,11.1765,42.3948,37.6084,33.0071,28.7068,24.8104,21.3904,18.476,16.0515,12.46,9.26138,7.55203,6.65007,6.25683
1,0,0,91.0081122707,0.25595,-5.7080003607,3.73772,3.76683,4.0858,4.88823,6.90495,11.6265,41.7087,36.9602,32.414,28.1834,24.3669,21.0301,18.1949,15.8402,12.3533,9.2403,7.5719,6.69347,6.31436
1,0,0,90.984537506,0.267239,-6.2514852069,3.68447,3.71113,4.04284,4.86509,6.95337,12.2914,41.0044,36.2953,31.8055,27.6463,23.9107,20.6576,17.9017,15.6169,12.2345,9.20842,7.58259,6.72902,6.36912
1,0,0,90.9594888851,0.278397,-5.4850051869,3.62634,3.66365,4.00896,4.85385,7.02652,13.39,40.2878,35.6193,31.1874,27.1006,23.4467,20.2773,17.6002,15.3846,12.106,9.16705,7.58482,6.75711,6.41719
1,0,0,90.9341481283,0.288037,-4.6744016871,3.57291,3.62454,3.98426,4.85466,7.1257,44.333,39.5655,34.9388,30.5658,26.5521,22.9798,19.8934,17.294,15.1463,11.9697,9.11735,7.57921,6.77798,6.45859
1,0,0,91.2211681547,0.296135,-3.8772340475,3.52821,3.5937,3.96832,4.86654,7.24886,43.5983,38.8554,34.2708,29.9566,26.015,22.5225,19.5166,16.9921,14.9096,11.8307,9.06205,7.5672,6.79231,6.49339
1,0,0,91.7129081379,0.302721,-3.0781011628,3.49194,3.5712,3.96175,4.89114,7.40317,42.86,38.1426,33.6012,29.3466,25.4775,22.0644,19.138,16.6871,14.6684,11.6853,8.99937,7.54796,6.79978,6.52165
1,0,0,92.151581377,0.30777,-2.2499536953,3.46408,3.55768,3.96605,4.93194,7.60249,42.0919,37.4018,32.906,28.7137,24.9198,21.5885,18.7434,16.3671,14.4131,11.5273,8.92594,7.51966,6.79949,6.54316
1,0,0,92.5625674859,0.311236,-1.4046518714,3.44496,3.55335,3.98137,4.9892,7.85178,41.305,36.644,32.1957,28.0679,24.351,21.1027,18.3393,16.0379,14.1485,11.3596,8.84342,7.48314,6.79177,6.55786
1,0,0,92.9941309497,0.313088,-0.5496762281,3.43473,3.5584,4.00798,5.06354,8.15904,40.5061,35.8756,31.4767,27.4151,23.7764,20.6117,17.93,15.7027,13.8772,11.1842,8.75285,7.43891,6.77679,6.5657
1,0,4.3822787879,93.4273576907,0.31328,0.3022942516,3.43365,3.57298,4.04597,5.15515,8.53307,39.7064,35.1077,30.7594,26.7647,23.2045,20.1226,17.5212,15.3665,13.6032,11.0038,8.65564,7.38767,6.75478,6.56647
1,0,0.5988,93.771791555,0.312039,1.04328739,3.44044,3.59387,4.08903,5.25056,8.92889,39.0074,34.4374,30.1341,26.1985,22.7067,19.6967,17.1643,15.0717,13.3615,10.8419,8.56514,7.337,6.72958,6.56112
0,0,0.6032,94.0074430783,0.309851,1.4824709991,3.45202,3.6143,4.12416,5.3213,9.21765,38.5872,34.0339,29.7569,25.856,22.4046,19.4368,16.945,14.889,13.2101,10.7378,8.50382,7.29977,6.70775,6.55112
0,0,0.6076,94.2394038797,0.306508,1.7870668222,3.46931,3.63828,4.1601,5.38671,9.46963,38.2872,33.7438,29.4837,25.606,22.1819,19.243,16.7795,14.749,13.0922,10.6536,8.45068,7.26433,6.68353,6.53526
0,0,0.612,94.2315746185,0.301889,2.2050739112,3.4934,3.67171,4.21034,5.47889,9.84758,37.8754,33.3464,29.1103,25.2649,21.8786,18.9797,16.5546,14.559,12.9322,10.5393,8.37841,7.21603,6.65047,6.51357
0,0,0.6164,94.1213318179,0.296237,2.6557567833,3.52298,3.71177,4.26964,5.58694,10.3212,37.4282,32.9149,28.7051,24.8947,21.5494,18.6935,16.3099,14.3517,12.7571,10.4132,8.29747,7.16095,6.61184,6.48714
0,0,0.6208,93.9804421795,0.289921,2.9950280121,3.55574,3.7532,4.32784,5.68828,10.7759,37.0807,32.5777,28.3862,24.6014,21.2865,18.4628,16.1106,14.1808,12.6109,10.3051,8.2248,7.10878,6.57258,6.45716
0,0,0.6252,93.8347147753,0.283009,3.1956148066,3.59111,3.79477,4.38249,5.777,11.1586,36.858,32.3578,28.1745,24.4028,21.1048,18.2999,15.9666,14.0545,12.5002,10.2193,8.16294,7.06094,6.53336,6.42361
0,0,0,93.685545268,0.275398,3.2105346275,3.6293,3.83566,4.431,5.84555,11.3831,36.8027,32.2949,28.1056,24.33,21.0305,18.2263,15.8953,13.9866,12.4362,10.1628,8.11541,7.01901,6.49442,6.38559
0,0,0,93.5523143985,0.267004,2.9976235109,3.67053,3.87508,4.47098,5.88719,11.3747,36.9546,32.4263,28.2134,24.4127,21.0888,18.2628,15.9136,13.9906,12.4296,10.1426,8.08562,6.98454,6.45612,6.34248
0,0,0,93.5331510172,0.257547,2.6195859576,3.71656,3.91606,4.50774,5.91339,11.2211,37.256,32.6977,28.4481,24.6067,21.2413,18.3767,15.9941,14.0438,12.4613,10.1454,8.06581,6.95289,6.4159,6.29339
0,0,0,93.4911741641,0.246855,2.4256340144,3.76947,3.96801,4.56272,5.97677,11.2942,37.3805,32.8003,28.5263,24.6595,21.2703,18.3848,15.9856,14.0227,12.4313,10.1053,8.02005,6.90494,6.36562,6.23909
0,0,0,93.4344342871,0.235406,2.3905288903,3.82666,4.02779,4.63162,6.06979,11.5504,37.3521,32.757,28.4692,24.5908,21.1929,18.3024,15.9012,13.939,12.3497,10.0298,7.95358,6.8445,6.3081,6.18167
0,0,0.6516,93.3735253823,0.223389,2.4723816409,3.88707,4.09351,4.71116,6.18568,11.9659,37.21,32.6052,28.3114,24.4315,21.0366,18.1528,15.7608,13.8089,12.2299,9.92847,7.87196,6.77488,6.24524,6.12187
0,0,0.656,93.2714153946,0.210898,2.6224278283,3.95012,4.16361,4.79818,6.31744,12.5253,36.9999,32.3884,28.0932,24.2178,20.8327,17.9627,15.5867,13.6509,12.0872,9.81128,7.78083,6.69926,6.17861,6.05998
0,0,0.6604,93.1527646105,0.198127,2.9150889405,4.01516,4.23921,4.89669,6.4769,13.4329,36.652,32.0411,27.7553,23.8977,20.5374,17.696,15.3495,13.4417,11.903,9.66677,7.67456,6.61519,6.10782,5.99736
0,0,0.6648,93.012571702,0.185022,3.417624493,4.083,4.32298,5.01263,6.67982,15.5127,36.1019,31.5033,27.2436,23.4244,20.1112,17.3206,15.0236,13.1607,11.6609,9.48425,7.54736,6.51962,6.03163,5.93427
0,0,0.6692,92.8512673895,0.171642,3.9831624847,4.15301,4.41111,5.1372,6.9052,45.6297,35.4893,30.9079,26.6806,22.9073,19.6488,16.9159,14.6744,12.8612,11.4039,9.2919,7.41448,6.42063,5.95354,5.87054
0,0,0.6736,92.6933489454,0.157933,4.5736470588,4.22541,4.50309,5.26874,7.1492,44.9634,34.8499,30.2887,26.0977,22.3742,19.1741,16.5021,14.3183,12.5564,11.1427,9.0965,7.27943,6.31994,5.8741,5.80577
0,0,0.678,92.5192210331,0.143897,5.1540762236,4.30003,4.59792,5.40498,7.40654,44.3043,34.2168,29.6769,25.5231,21.8501,18.7085,16.0967,13.9695,12.2577,10.8864,8.904,7.14536,6.21919,5.79392,5.73974
0,0,0.6824,92.3175155087,0.129512,5.6073030282,4.37599,4.69161,5.53633,7.65087,43.794,33.6996,29.1739,25.0475,21.4131,18.3172,15.7531,13.6711,11.9995,10.6625,8.73203,7.02159,6.12301,5.71451,5.67129
0,0,0.6868,92.0911268159,0.114757,5.7747843213,4.45167,4.77792,5.64795,7.8388,43.6292,33.4463,28.9154,24.7911,21.1661,18.0854,15.54,13.4779,11.8253,10.5055,8.60281,6.91979,6.03719,5.63763,5.59867
0,0,0.6912,91.8694897114,0.0997207,5.6214264379,4.52597,4.85419,5.73403,7.95256,43.8789,33.4918,28.9331,24.7812,21.1313,18.0307,15.4711,13.4002,11.7431,10.4216,8.52025,6.8421,5.96291,5.56384,5.52191
0,0,0.6956,91.657744112,0.0845397,5.2544011335,4.59916,4.92326,5.80199,8.01398,44.452,33.7402,29.1386,24.939,21.2408,18.0959,15.4995,13.4002,11.7224,10.3865,8.46862,6.7804,5.89639,5.49236,5.44281
0,0,0.7,91.4569474578,0.069168,4.7610443648,4.67243,4.98859,5.85973,8.04552,45.2777,34.1122,29.4592,25.1999,21.4392,18.235,15.5873,13.4471,11.7385,10.3802,8.43475,6.72753,5.83396,5.42186,5.36214
0,0,0.7,91.2434455186,0.0537913,4.2925998011,4.74616,5.05477,5.91923,8.08273,46.1659,34.4656,29.7633,25.4467,21.6254,18.3636,15.6661,13.4863,11.748,10.3683,8.39695,6.67244,5.77044,5.35114,5.28204
0,0,0.7,90.9872788488,0.0385898,3.8879770062,4.81967,5.12216,5.98266,8.13281,47.0559,34.7629,30.016,25.6478,21.7724,18.4594,15.718,13.5037,11.74,10.3423,8.35025,6.61297,5.70513,5.28043,5.20354
0,0,0.7,90.7333761958,0.0236819,3.52016102,4.89211,5.18917,6.0469,8.18797,47.9886,35.0297,30.2412,25.8248,21.8991,18.5383,15.7562,13.5102,11.7234,10.3097,8.29956,6.55197,5.63975,5.2107,5.12698
0,0,0.7,90.5185980723,0.00885134,3.1874730763,4.96451,5.25686,6.11325,8.24978,48.9653,35.2655,30.4378,25.9764,22.0035,18.5984,15.7788,13.5038,11.6963,10.2686,8.24344,6.48822,5.57317,5.14082,5.05119
0,0,0.7,90.3309575023,-0.00610666,2.870363855,5.03777,5.32565,6.18131,8.31552,50.0261,35.4878,30.6219,26.1165,22.0975,18.6491,15.793,13.4901,11.6629,10.2221,8.18341,6.42206,5.50508,5.07005,4.97502
0,0,0.7,90.1348554382,-0.0212514,2.5801893797,5.1122,5.39626,6.25247,8.38834,51.1532,35.6891,30.7819,26.2343,22.1715,18.6823,15.7921,13.4636,11.6188,10.1666,8.11711,6.35212,5.43464,4.99786,4.89817
0,0,0.7,89.8780569742,-0.0363995,2.3375818605,5.18695,5.46841,6.32733,8.47134,52.3011,35.8684,30.8987,26.3127,22.2108,18.6858,15.7665,13.417,11.5585,10.0982,8.04251,6.27781,5.36198,4.92483,4.82158
0,0,0.7,89.5825973881,-0.0513331,2.0891015239,5.26068,5.53909,6.39995,8.55013,53.6077,36.0856,31.0244,26.3997,22.2577,18.6957,15.7462,13.3745,11.5014,10.0324,7.96982,6.20495,5.29055,4.85296,4.74616
0,0,0.7,89.2626294514,-0.0660651,1.7157908725,5.33308,5.60428,6.46021,8.59724,55.4518,36.4865,31.275,26.6011,22.4053,18.7905,15.7948,13.3868,11.4873,10.0004,7.91829,6.14334,5.22537,4.78426,4.67155
0,0,0.7,88.9471919872,-0.0806418,1.1642101327,5.4045,5.66259,6.50403,8.60184,58.1668,37.1709,31.706,26.9689,22.7,19.0097,15.9446,13.4792,11.5358,10.017,7.89685,6.09737,5.16857,4.71957,4.59764
0,0,0.7,88.6396640355,-0.0951802,0.4323407742,5.47608,5.71501,6.5327,8.56746,62.0842,38.2033,32.3244,27.5113,23.1505,19.3617,16.2027,13.657,11.6505,10.0848,7.90637,6.06697,5.11987,4.65861,4.52421
0,0,0.7,88.341173621,-0.109668,-0.3971445498,5.5485,5.76475,6.55387,8.5154,19.1819,39.5463,33.0709,28.1596,23.698,19.798,16.5304,13.8898,11.8075,10.1847,7.93478,6.04582,5.07606,4.60019,4.45176
0,0,0.7,88.0303005164,-0.124016,-1.245346686,5.62162,5.81413,6.57388,8.46302,16.7172,41.1464,33.9475,28.844,24.2818,20.2681,16.887,14.1456,11.9819,10.2975,7.97017,6.02798,5.0343,4.54337,4.38086
0,0,0.7,87.6901080754,-0.138076,-2.0439295313,5.6946,5.86438,6.59713,8.42241,15.6409,42.9305,34.901,29.4996,24.8441,20.723,17.2328,14.3932,12.1496,10.4046,8.00159,6.00827,4.9922,4.48748,4.3121
0,0,0.7,87.327784978,-0.151847,-2.8156062785,5.76735,5.91474,6.62163,8.38809,14.9052,44.9776,35.9695,30.146,25.4023,21.1775,17.5801,14.6426,12.3184,10.5122,8.0328,5.98857,4.95076,4.4329,4.24541
0,0,0.7,86.9645213508,-0.165318,-3.5632130688,5.83976,5.96502,6.64703,8.35886,14.3462,47.3505,37.1745,30.7915,25.9574,21.6326,17.9299,14.8945,12.4892,10.6208,8.06423,5.96916,4.91008,4.37966,4.18074
0,0,0.7,86.5793145765,-0.178538,-4.2487398819,5.91167,6.0163,6.67609,8.3411,13.935,50.009,38.4712,31.4537,26.4716,22.055,18.2541,15.1266,12.6443,10.717,8.08766,5.94586,4.86793,4.32657,4.1176
0,0,0.7,86.1882796007,-0.191525,-4.9275516297,5.98352,6.06723,6.70493,8.32473,13.5823,53.1929,39.9714,32.2104,26.9944,22.4878,18.5889,15.3678,12.8064,10.8182,8.11355,5.92379,4.82687,4.27473,4.05602
0,0,0.7,85.7959408802,-0.204297,-5.6087698002,6.05548,6.11772,6.73305,8.30829,13.268,57.0995,41.7385,33.0887,27.5339,22.9384,18.9407,15.6235,12.9797,10.9276,8.14375,5.90378,4.78727,4.22427,3.99595
0,0,0.7,85.3992795528,-0.216793,-6.2765234625,6.12711,6.16782,6.76116,8.29386,12.9941,61.9037,43.7984,34.088,28.0749,23.3935,19.2986,15.8853,13.158,11.0405,8.17556,5.88466,4.74866,4.1751,3.93758
0,0,0.7,85.0066887773,-0.229104,-6.9977627351,6.19985,6.21675,6.78563,8.27176,12.7133,68.37,46.417,35.3389,28.7062,23.9118,19.7129,16.1941,13.3733,11.1815,8.2231,5.87289,4.71412,4.12846,3.88091
0,0,0.7,84.6038402361,-0.2413,-7.8279212844,6.27542,6.26426,6.80394,8.23519,12.4,77.8973,49.9909,37.0129,29.5631,24.5469,20.2307,16.5894,13.6567,11.3744,8.29977,5.87441,4.68644,4.08558,3.82613
0,0,0.7,84.1175871698,-0.253264,-8.7402992774,6.35342,6.31071,6.8177,8.18887,12.0773,92.5434,54.8615,39.1988,30.6747,25.2815,20.8396,17.0626,14.0028,11.6152,8.40325,5.88812,4.66528,4.0466,3.77385
0,0,0.7,83.5908695596,-0.264884,-9.7275055584,6.43381,6.35619,6.82738,8.13443,11.753,127.112,61.6972,42.0726,32.105,26.1146,21.5412,17.6173,14.4156,11.9075,8.53571,5.91501,4.65129,4.01215,3.72473
0,0,0,83.0311377989,-0.276091,-10.8052964668,6.51734,6.40073,6.83245,8.07079,11.424,122.672,71.9344,45.9857,33.985,27.1153,22.3563,18.2733,14.9125,12.2658,8.70539,5.9587,4.64636,3.98335,3.6795
0,0,0,82.4595475644,-0.286805,-11.9651922273,6.6043,6.44473,6.83378,8.00011,11.0974,116.397,88.4939,51.456,36.4697,28.4113,23.2857,19.0345,15.4991,12.6954,8.91559,6.02044,4.65115,3.96072,3.63871
0,0,0,81.9720353443,-0.297023,-13.1951034303,6.69526,6.48893,6.8327,7.92523,10.7802,18.2569,125.536,59.4123,39.7918,30.0853,24.3242,19.9,16.1774,13.1993,9.1683,6.10065,4.6657,3.94429,3.60248
0,0,0,81.5937290994,-0.306871,-14.4796175112,6.79128,6.53468,6.83122,7.84971,10.4792,16.2492,120.513,71.7105,44.3207,32.2487,25.4978,20.8628,16.9444,13.7769,9.46321,6.19824,4.68894,3.93323,3.57019
0,0,0,81.2280551909,-0.31644,-15.7479741823,6.89085,6.58287,6.83295,7.78171,10.2132,15.0153,113.437,91.8821,50.4464,34.9508,26.8944,21.8639,17.7537,14.3934,9.78091,6.30392,4.71592,3.92476,3.54043
0,0,0,80.8445043016,-0.325856,-16.8487406983,6.9879,6.63339,6.84342,7.73508,10.0143,14.229,49.3998,123.582,58.1879,37.9989,28.3711,22.7588,18.4838,14.9522,10.0659,6.39312,4.73438,3.91237,3.50989
0,0,0,80.3089406006,-0.334795,-17.8540524456,7.08248,6.68385,6.85723,7.69872,9.85093,13.6454,22.0658,119.256,68.7928,41.6468,30.0267,23.6169,19.1801,15.4899,10.3409,6.47738,4.75088,3.90005,3.48101
0,0,0,79.700837085,-0.342997,-18.8044175404,7.17441,6.73267,6.87118,7.66638,9.7065,13.1711,18.3613,113.782,84.7049,46.2384,31.9654,24.5685,19.8711,16.0298,10.6212,6.56455,4.76995,3.89067,3.45567
0,0,0,79.0760281666,-0.350379,-19.6969138979,7.26253,6.77906,6.88457,7.63714,9.57811,12.7769,16.9378,104.992,123.359,52.1544,34.2501,25.6423,20.5498,16.5669,10.9048,6.65445,4.79179,3.88451,3.43415
0,0,0,78.4996348391,-0.357028,-20.5172175732,7.34594,6.8229,6.89785,7.61202,9.46683,12.4515,16.012,48.037,119.897,59.9202,36.9273,26.8344,21.1971,17.0848,11.1822,6.74305,4.81435,3.88033,3.41559
0,0,0,77.9927506388,-0.363142,-21.2330137466,7.42302,6.86422,6.91233,7.59378,9.3777,12.1964,15.371,33.1609,116.012,70.1623,39.9769,28.101,21.7929,17.5508,11.433,6.8214,4.83304,3.87537,3.39814
0,0,0,77.6651996711,-0.369105,-21.94623161,7.50161,6.90619,6.92731,7.57659,9.29277,11.9608,14.8286,26.7052,111.103,85.7998,43.8685,29.6188,22.4859,18.0336,11.6965,6.90448,4.85378,3.8717,3.38178
0,0,0,77.2521367418,-0.375072,-22.7443045229,7.58864,6.95129,6.94193,7.55539,9.19808,11.7108,14.2963,22.755,102.407,121.183,49.464,31.6524,23.4032,18.6024,12.0152,7.00909,4.88367,3.87247,3.36767
1,0,0,76.7151935128,-0.380696,-23.477060247,7.67231,6.99509,6.95745,7.53859,9.11704,11.5003,13.8713,20.4222,59.1245,117.934,56.8079,34.0203,24.4131,19.1413,12.3207,7.10862,4.91155,3.87293,3.35435
1,0,0,76.0946506481,-0.385724,-24.1283413728,7.74931,7.03552,6.97247,7.52526,9.04889,11.3259,13.533,18.9327,42.9709,114.304,66.6599,36.7517,25.5033,19.6413,12.6041,7.20093,4.93739,3.87366,3.34267
1,0,0,75.3803145341,-0.389934,-24.722842381,7.81952,7.07163,6.98517,7.51218,8.98693,11.1724,13.2463,17.8773,35.1307,110.048,80.8855,40.0176,26.7203,20.1712,12.8783,7.29264,4.96496,3.87712,3.33434
1,0,0,74.631003292,-0.393222,-25.2916175842,7.88433,7.10341,6.99442,7.49668,8.92516,11.0266,12.9841,17.0561,30.3717,104.328,120.047,44.1288,28.1438,20.7761,13.1598,7.39144,4.99812,3.88546,3.33065
1,0,0,73.9307898905,-0.395636,-25.8636013511,7.94618,7.13181,7.00006,7.47731,8.85955,10.8794,12.729,16.3677,27.0603,80.4711,117.367,49.623,29.8878,21.5005,13.4645,7.50387,5.03964,3.89997,3.3321
1,0,0,73.3314578846,-0.39737,-26.457930472,8.00791,7.15841,7.0029,7.45415,8.78892,10.7273,12.4735,15.7519,24.552,57.2758,114.243,57.4463,32.1012,22.3922,13.8021,7.6333,5.0904,3.92055,3.33821
1,0,-9.2789090909,72.8194176705,-0.398648,-27.0821679898,8.07171,7.18472,7.00414,7.42821,8.71413,10.571,12.2178,15.187,22.557,45.1099,110.464,69.4483,34.9854,23.5018,14.1761,7.78035,5.14987,3.94641,3.34803
0,0,-0.1924,72.4206372993,-0.399664,-27.6978684364,8.13543,7.21058,7.0051,7.40261,8.64168,10.4224,11.9796,14.6955,20.9956,37.8064,105.72,89.0526,38.6751,24.8221,14.5607,7.93375,5.21251,3.97434,3.35954
0,0,-0.1968,71.967008977,-0.400555,-28.2041339442,8.18985,7.23302,7.0069,7.3828,8.58454,10.306,11.7957,14.3332,19.8978,33.378,99.068,116.821,42.9689,26.2007,14.8855,8.06375,5.26513,3.9976,3.36906
0,0,-0.2012,71.2979640014,-0.40083,-28.718191678,8.24291,7.25335,7.00626,7.36022,8.52441,10.1874,11.6121,13.9877,18.9455,30.0551,74.0283,114.177,48.8053,27.8969,15.2324,8.20699,5.32525,4.02595,3.38257
0,0,-0.2056,70.5572260037,-0.400208,-29.2633037243,8.29537,7.27106,7.00174,7.33242,8.45694,10.0594,11.4186,13.6394,18.0726,27.3809,57.3608,111.086,57.3784,30.0844,15.6285,8.37414,5.39842,4.06279,3.40242
0,0,-0.21,69.7884402948,-0.398557,-29.8007381361,8.34242,7.28396,6.99283,7.30053,8.38605,9.93009,11.2277,13.3098,17.3062,25.2561,47.3829,107.475,70.3742,32.8277,16.0902,8.55614,5.48132,4.10686,3.42831
0,0,-0.2144,69.0104164938,-0.395846,-30.2450669062,8.37426,7.28821,6.97931,7.26788,8.32073,9.81654,11.0646,13.0393,16.7051,23.6852,41.2243,103.376,89.8509,35.9689,16.56,8.72635,5.56299,4.15301,3.45773
0,0,-0.2188,68.3686079861,-0.392201,-30.504215717,8.38039,7.28006,6.96133,7.23836,8.27064,9.73623,10.9538,12.8648,16.3146,22.6614,37.5584,98.8345,114.894,39.0565,16.9408,8.85116,5.62898,4.19407,3.48677
0,0,-0.2232,67.9586014686,-0.388036,-30.6513512788,8.37086,7.26445,6.94072,7.21076,8.22962,9.67537,10.8732,12.7441,16.0361,21.9229,35.0598,89.1754,113.15,42.2493,17.2711,8.94668,5.68466,4.23157,3.51525
0,0,-0.2276,67.6458340731,-0.383794,-30.873200537,8.36935,7.25172,6.91993,7.18,8.18071,9.60002,10.7717,12.5897,15.7075,21.1341,32.6697,73.158,111.112,46.8,17.7282,9.06853,5.75179,4.27476,3.54677
0,0,-0.232,67.1609493635,-0.379281,-31.0738503569,8.36384,7.23672,6.89786,7.14885,8.13278,9.52776,10.6756,12.4461,15.4074,20.4412,30.7072,62.6462,108.952,52.5501,18.2289,9.18751,5.81883,4.31863,3.57927
0,0,-0.2364,66.5699805491,-0.37417,-31.172055323,8.34284,7.21404,6.87257,7.11854,8.09181,9.47107,10.6038,12.345,15.1849,19.9229,29.2822,56.0307,106.884,58.9595,18.6806,9.27938,5.87677,4.35974,3.61178
0,0,-0.2408,65.8905010509,-0.368198,-31.1862646763,8.30673,7.18304,6.84274,7.08689,8.05408,9.42395,10.5478,12.2724,15.0131,19.5211,28.205,51.5115,104.902,66.1431,19.0941,9.35239,5.93,4.40091,3.64632
0,0,-0.2452,65.1764591469,-0.361158,-31.1505694057,8.25821,7.1442,6.80742,7.05151,8.0148,9.37818,10.4962,12.2065,14.8603,19.1752,27.3139,48.0924,102.925,74.6529,19.5078,9.42017,5.98502,4.44574,3.68518
0,0,-0.2496,64.4999002558,-0.352971,-31.0999772324,8.20087,7.09868,6.76634,7.0107,7.96999,9.32659,10.4385,12.1294,14.7008,18.8376,26.495,45.2212,100.823,85.6702,19.9698,9.49535,6.04743,4.49713,3.73001
0,0,-0.254,63.9185532569,-0.343738,-31.0678343001,8.13914,7.04845,6.72008,6.96373,7.91697,9.26377,10.3667,12.0293,14.5153,18.4738,25.6694,42.5776,98.3774,112.196,20.535,9.5881,6.12122,4.55675,3.78139
0,0,0,63.455098119,-0.333677,-31.0720741877,8.07628,6.99543,6.66978,6.91113,7.85537,9.18818,10.2781,11.9029,14.2981,18.0725,24.8108,40.0471,95.2203,110.85,21.245,9.70206,6.20719,4.62441,3.83877
0,0,0,63.0660084898,-0.323039,-31.1039306411,8.01283,6.94053,6.61666,6.85454,7.78767,9.1035,10.1776,11.7579,14.0603,17.6508,23.9489,37.6809,89.8209,109.387,22.1037,9.83145,6.30204,4.69788,3.90043
0,0,0,62.701106158,-0.311987,-31.1269062487,7.94579,6.88305,6.56144,6.79614,7.71841,9.01758,10.0762,11.611,13.8256,17.2462,23.1501,35.6122,78.4284,107.87,23.0593,9.96445,6.39886,4.77345,3.96412
0,0,0,62.3749229392,-0.300666,-31.0301909729,7.86433,6.81918,6.50458,6.74054,7.65876,8.95071,10.0031,11.5024,13.6525,16.9501,22.5744,34.1739,71.4104,106.551,23.8671,10.0695,6.47926,4.84178,4.02478
0,0,0,61.8719088531,-0.288803,-30.8433494359,7.77044,6.74892,6.44484,6.68525,7.60416,8.89536,9.94577,11.4161,13.5174,16.7226,22.1412,33.1277,66.7644,105.402,24.5552,10.1588,6.54968,4.90666,4.08495
0,0,0,61.1750682975,-0.275852,-30.7150068898,7.67643,6.67552,6.37985,6.62218,7.53727,8.82141,9.86018,11.295,13.3373,16.4338,21.6173,31.9321,61.976,104.074,25.4831,10.2941,6.63756,4.98281,4.15334
0,0,0,60.5286797785,-0.261567,-30.6770770838,7.58364,6.59876,6.30835,6.54891,7.45373,8.72165,9.73818,11.1284,13.0979,16.063,20.9696,30.5269,56.8867,102.443,26.7927,10.4941,6.74998,5.0744,4.23265
0,0,0,59.9697375022,-0.24604,-30.6570235609,7.48507,6.5162,6.23068,6.46852,7.36097,8.60967,9.59954,10.9435,12.8388,15.6722,20.3087,29.1563,52.3705,100.657,28.3468,10.7326,6.87493,5.17536,4.31959
0,0,-0.2936,59.5162180504,-0.229456,-30.6039103733,7.37691,6.42686,6.14768,6.38373,7.26476,8.49546,9.45792,10.7588,12.5856,15.2999,19.6981,27.9435,48.6992,98.842,30.0072,10.9871,7.00266,5.28044,4.41109
0,0,-0.298,59.2432208066,-0.21224,-30.5693610183,7.26686,6.33498,6.06155,6.29498,7.163,8.37284,9.30534,10.562,12.3196,14.915,19.0797,26.7539,45.3324,96.7938,31.9644,11.2759,7.13783,5.39085,4.50677
0,0,-0.3024,58.9853654908,-0.194518,-30.4936159978,7.15013,6.23902,5.97285,6.20493,7.06173,8.25099,9.15581,10.3722,12.0672,14.5568,18.5183,25.7111,42.5695,94.6744,34.0113,11.5709,7.26978,5.50091,4.60346
0,0,-0.3068,58.7076268224,-0.176188,-30.3092954751,7.02029,6.1362,5.88104,6.11523,6.96598,8.13903,9.02156,10.2059,11.852,14.2605,18.0703,24.9166,40.6126,92.7987,35.7903,11.8374,7.39327,5.60554,4.6988
0,0,-0.3112,58.4017664576,-0.157021,-29.9757194468,6.87341,6.02436,5.78511,6.02597,6.87757,8.04037,8.90734,10.0698,11.6834,14.0402,17.7572,24.4038,39.4826,91.5252,36.9733,12.0518,7.50471,5.70255,4.79216
0,0,-0.3156,58.1038483193,-0.136817,-29.5089880268,6.71112,5.90363,5.68433,5.93563,6.79378,7.95013,8.80695,9.95571,11.5502,13.8785,17.5499,24.1119,38.9853,90.9468,37.5357,12.2192,7.60698,5.79438,4.88526
0,0,-0.32,57.8528935395,-0.115487,-28.9444527113,6.53731,5.77532,5.57854,5.84266,6.71098,7.86184,8.71194,9.85225,11.4362,13.7516,17.4089,23.9648,38.9159,90.9147,37.6299,12.3565,7.706,5.88446,4.98003
0,0,-0.3244,57.6728128039,-0.0931289,-28.3158607143,6.3563,5.64144,5.46838,5.74646,6.6267,7.77087,8.61603,9.75071,11.3289,13.6404,17.3025,23.9013,39.1174,91.1977,37.4407,12.4788,7.80633,5.97497,5.07739
0,0,-0.3288,57.5588135989,-0.0699986,-27.6396559244,6.17158,5.50411,5.35523,5.64787,6.53865,7.67646,8.51776,9.64862,11.2242,13.538,17.2185,23.8971,39.5309,91.6574,37.0674,12.5915,7.90842,6.06579,5.17662
0,0,-0.3332,57.4901065522,-0.0464278,-26.9096503977,5.98519,5.36515,5.2409,5.54887,6.44846,7.58172,8.42072,9.55025,11.1276,13.4516,17.1678,23.9731,40.2243,92.282,36.4951,12.6868,8.0082,6.15718,5.27571
0,0,-0.3376,57.4392271121,-0.0226735,-26.0854506094,5.79677,5.22529,5.12708,5.45244,6.36114,7.49418,8.33455,9.46836,11.0566,13.4077,17.195,24.2209,41.4895,93.1893,35.5721,12.7407,8.09613,6.24508,5.37177
0,0,0,57.3955605961,0.00115881,-25.1081564982,5.6047,5.08451,5.01509,5.36168,6.28241,7.42318,8.27158,9.41988,11.0359,13.4448,17.368,24.7906,43.8757,94.5043,34.1357,12.7236,8.16079,6.32393,5.46219
0,0,0,57.35220724,0.0251506,-24.0155832787,5.41213,4.9439,4.90471,5.27513,6.20851,7.36284,8.22434,9.39512,11.0527,13.5455,17.6639,25.6614,47.5533,95.9765,32.4768,12.6603,8.21018,6.39743,5.54942
0,0,0,57.2982929341,0.0495231,-23.0072921508,5.22794,4.80564,4.7929,5.18229,6.12038,7.28185,8.15144,9.33757,11.0259,13.5857,17.8707,26.3974,51.2314,97.0077,31.3235,12.6529,8.28121,6.48306,5.6424
0,0,0,57.2622845647,0.0742064,-22.1906554054,5.05554,4.67059,4.67813,5.07639,6.0087,7.16408,8.03094,9.21625,10.9094,13.4906,17.8495,26.6698,53.5279,97.4243,30.8878,12.7476,8.39132,6.58874,5.74599
0,0,-0.3596,57.2391618244,0.0990711,-21.5779916351,4.89393,4.53838,4.5602,4.95763,5.87348,7.00888,7.8615,9.02853,10.698,13.2488,17.5723,26.3826,53.7305,97.2812,31.1067,12.9463,8.54172,6.7148,5.8607
0,0,-0.364,57.2063718753,0.123485,-20.933815186,4.73612,4.40917,4.44512,4.83927,5.73957,6.85626,7.69572,8.84615,10.4949,13.0208,17.3216,26.162,54.2762,97.2073,31.2363,13.1302,8.68687,6.83867,5.97467
0,0,-0.3684,57.1800176643,0.146718,-20.0631485205,4.57959,4.28517,4.33868,4.73297,5.62795,6.73943,7.57712,8.72846,10.3856,12.941,17.3393,26.5729,57.7848,97.6754,30.705,13.1975,8.78642,6.93982,6.0768
0,0,-0.3728,57.1512532863,0.168892,-19.0912402127,4.42914,4.16742,4.23632,4.63287,5.52686,6.63903,7.48,8.64023,10.3194,12.9309,17.4901,27.3365,63.6596,98.3264,29.9408,13.2121,8.86374,7.0293,6.17249
0,0,-0.3772,57.1184797197,0.189872,-18.1399583854,4.2856,4.05696,4.139,4.5405,5.43873,6.55884,7.40944,8.58865,10.3075,13.0104,17.8183,28.6079,73.95,99.1611,28.9476,13.1678,8.9154,7.10509,6.26052
0,0,-0.3816,57.0781742731,0.209888,-17.4266259305,4.15054,3.9541,4.04763,4.45676,5.36461,6.50035,7.36743,8.57675,10.3553,13.1912,18.3585,30.5637,84.327,100.131,27.7893,13.069,8.94182,7.16692,6.34046
0,0,-0.386,57.0298071054,0.228879,-16.6266622569,4.02609,3.85716,3.96307,4.38202,5.30421,6.46264,7.35266,8.60289,10.4613,13.4748,19.1313,33.4108,88.0371,101.152,26.5652,12.9297,8.94708,7.21611,6.41251
0,0,0,56.9807330586,0.246711,-15.7631575639,3.91362,3.76678,3.88579,4.31631,5.257,6.44458,7.36367,8.66543,10.6245,13.8645,20.1684,37.5083,90.8139,102.161,25.3468,12.7627,8.93538,7.25432,6.47714
0,0,0,56.9834084181,0.263573,-14.9841068498,3.81174,3.68213,3.81231,4.25244,5.20877,6.42215,7.36781,8.71786,10.774,14.2414,21.238,42.3821,92.7499,72.2603,24.3851,12.6297,8.93233,7.29408,6.54025
0,0,0,56.9848529856,0.280485,-14.5551333486,3.71686,3.59769,3.73236,4.17296,5.12771,6.34271,7.29346,8.65701,10.7482,14.3152,21.6727,45.2993,93.4603,67.4732,24.0411,12.6353,8.9849,7.36011,6.61471
0,0,0,56.9928455691,0.297608,-14.341420091,3.62492,3.51219,3.64732,4.08262,5.02475,6.22552,7.16708,8.5206,10.6039,14.1783,21.6364,46.3936,93.5456,65.8012,24.0383,12.7236,9.0718,7.44284,6.69673
0,0,0,57.0135769734,0.314787,-14.2287765885,3.5345,3.42638,3.56009,3.98743,4.91175,6.0908,7.01635,8.34851,10.4028,13.9388,21.3626,46.4622,93.3584,65.3753,24.1869,12.8495,9.17429,7.53306,6.78199
0,0,0,57.0219676231,0.331907,-14.1741737106,3.44535,3.34081,3.47207,3.89001,4.79372,5.94695,6.85271,8.15718,10.1707,13.6418,20.9517,45.8926,93.0197,65.6082,24.4195,12.996,9.28515,7.6271,6.86865
1,0,0,57.0282198866,0.34895,-14.1508543284,3.35712,3.25561,3.38389,3.7917,4.67339,5.79872,6.68277,7.95631,9.92284,13.3152,20.4689,44.9729,92.5997,66.1835,24.6965,13.1533,9.40024,7.72294,6.95582
1,0,0,57.104749231,0.365949,-14.1412286374,3.26933,3.17061,3.2957,3.69307,4.55216,5.64872,6.51024,7.75148,9.66842,12.9762,19.9552,43.9,92.1427,66.9081,24.9929,13.3153,9.51715,7.81952,7.04318
1,0,0,57.1058747139,0.382909,-14.1373325244,3.18182,3.08581,3.2076,3.59443,4.4307,5.49817,6.33688,7.54528,9.41166,12.6325,19.4297,42.7661,91.6693,67.6938,25.2972,13.4791,9.63468,7.91631,7.1305
1,0,0,57.1072310905,0.399841,-14.135613651,3.09449,3.00113,3.11962,3.49586,4.30926,5.34755,6.16333,7.33874,9.15421,12.2874,18.9001,41.61,91.1885,68.5025,25.6042,13.6435,9.75236,8.01311,7.21776
1,0,0,57.110870185,0.416756,-14.1353844679,3.00728,2.91655,3.0317,3.39735,4.18783,5.19686,5.98967,7.13196,8.89629,11.9412,18.3678,40.4392,90.7018,69.3279,25.9133,13.8082,9.87016,8.10991,7.30496
1,0,0,57.1176250859,0.433657,-14.1365303835,2.92015,2.83203,2.94383,3.29886,4.06639,5.04611,5.81589,6.92498,8.63799,11.5943,17.8333,39.2564,90.2094,70.1687,26.2243,13.9734,9.98811,8.20676,7.39215
1,0,0,57.1270074782,0.450556,-14.1385357358,2.83304,2.74753,2.85596,3.20036,3.94491,4.8953,5.642,6.71784,8.37942,11.2468,17.2975,38.0669,89.7125,71.0196,26.5366,14.139,10.1062,8.30365,7.47934
1,0,-0.4476,57.1379370201,0.46744,-14.1403119049,2.746,2.6631,2.76817,3.10195,3.82356,4.74464,5.46831,6.51094,8.12118,10.8998,16.7626,36.8811,89.2138,71.8684,26.8485,14.3043,10.2241,8.40045,7.56646
1,0,-0.452,57.598000319,0.484172,-14.040502657,2.65856,2.5795,2.68253,3.00763,3.7101,4.60742,5.31313,6.331,7.90574,10.6309,16.4138,36.6035,88.9912,71.4743,26.9891,14.4253,10.3233,8.488,7.64939
0,0,-0.4564,58.1782925522,0.500478,-13.6892222328,2.57063,2.49826,2.60235,2.92337,3.61582,4.50273,5.20272,6.21644,7.79445,10.5538,16.5323,38.8164,89.4278,68.2522,26.7134,14.4366,10.3754,8.5523,7.72174
0,0,-0.4608,58.1807831018,0.516082,-13.2266734048,2.48552,2.42075,2.52711,2.84611,3.53283,4.41569,5.11584,6.13534,7.73583,10.575,16.9096,42.9873,90.0973,64.2724,26.2674,14.3961,10.4034,8.60351,7.78698
0,0,-0.4652,58.1334752835,0.530768,-12.684025077,2.40485,2.34808,2.45754,2.77615,3.46065,4.3447,5.04991,6.08368,7.72355,10.6851,17.5467,50.1019,90.8883,60.1049,25.715,14.3173,10.4119,8.64329,7.8453
0,0,-0.4696,58.0957266432,0.544561,-12.080127561,2.32876,2.28016,2.3933,2.71278,3.39794,4.28766,5.00223,6.05793,7.75324,10.8811,18.4751,62.7375,91.7328,56.0485,25.0996,14.2103,10.4052,8.6737,7.89769
0,0,-0.474,58.0527016374,0.557445,-11.3993964046,2.25731,2.21715,2.33473,2.65666,3.34608,4.24717,4.97672,6.06462,7.83752,11.1956,19.853,76.853,92.6442,52.0724,24.4137,14.0716,10.3813,8.69385,7.94393
0,0,-0.4784,58.0075094189,0.569341,-10.6080270979,2.19074,2.15964,2.2828,2.60945,3.30828,4.2291,4.98203,6.11779,8.00318,11.697,22.0348,80.6609,93.66,48.084,23.6326,13.8916,10.3358,8.70143,7.98314
0,0,-0.4828,57.9658687042,0.580207,-9.7093427963,2.12947,2.10795,2.23783,2.57153,3.28531,4.2352,5.02126,6.22379,8.26638,12.4457,25.5656,83.5612,94.7391,44.2284,22.7838,13.6761,10.2705,8.69737,8.01585
0,0,-0.4872,57.9174313127,0.590002,-8.7287828257,2.07401,2.06233,2.19986,2.5427,3.27666,4.26491,5.09431,6.3845,8.63787,13.5084,31.5222,86.0267,73.3308,40.6746,21.9139,13.438,10.1908,8.68417,8.04317
0,0,-0.4916,57.8744375865,0.598725,-7.6767177223,2.02452,2.02288,2.16892,2.52302,3.28265,4.3196,5.20419,6.60762,9.14276,15.0197,42.9629,88.2069,62.7108,37.4535,21.0451,13.184,10.0997,8.66335,8.06592
0,0,0,57.8256546538,0.606352,-6.5635180221,1.98122,1.98977,2.14522,2.51276,3.304,4.40135,5.35528,6.90421,9.81889,17.2192,71.6133,90.1596,54.7448,34.565,20.1939,12.9201,9.99974,8.6362,8.08475
0,0,0,57.8260850494,0.612968,-5.4522950264,1.94396,1.96234,2.12745,2.50963,3.33634,4.50289,5.53809,7.26314,10.6669,20.3665,78.9527,91.8186,48.6218,32.107,19.4123,12.6662,9.90038,8.60742,8.10149
0,0,0,57.8717960929,0.619438,-4.6336701174,1.90905,1.93438,2.10584,2.49739,3.34808,4.56511,5.66303,7.53176,11.3704,23.5541,81.5843,92.7802,44.9991,30.5566,18.9008,12.502,9.84099,8.59702,8.12374
1,0,0,57.9121546767,0.625941,-4.1411842446,1.87519,1.9044,2.0784,2.47288,3.33247,4.57301,5.70392,7.65536,11.7727,25.8992,82.6976,93.1414,43.1537,29.7499,18.6395,12.427,9.82255,8.60547,8.15098
1,0,0,58.0087010714,0.632147,-3.8593692235,1.84345,1.87459,2.04883,2.44227,3.30117,4.54709,5.68998,7.67834,11.9425,27.3262,83.0859,93.157,42.2359,29.3556,18.5229,12.404,9.82738,8.6237,8.17928
1,0,0,58.0292373257,0.637906,-3.6995025395,1.81425,1.84627,2.01953,2.40992,3.26307,4.50433,5.64705,7.64461,11.9699,28.059,83.1077,92.985,41.793,29.178,18.4832,12.4082,9.84367,8.64592,8.20663
1,0,0,58.0518396694,0.643253,-3.6072677936,1.78728,1.81959,1.99129,2.3777,3.22267,4.45416,5.59026,7.5818,11.9185,28.3506,82.94,92.7128,41.5944,29.113,18.4834,12.426,9.86523,8.66943,8.23257
1,0,0,58.0761031866,0.64826,-3.5573517105,1.76209,1.79436,1.96419,2.34613,3.1816,4.40041,5.52609,7.50239,11.8193,28.3443,82.6585,92.379,41.5416,29.1155,18.5072,12.4515,9.88957,8.6933,8.25721
1,0,0,58.1015728469,0.653003,-3.5348974945,1.73829,1.77031,1.93808,2.31529,3.14056,4.34498,5.45794,7.41327,11.6903,28.1395,82.3049,92.0058,41.5806,29.1606,18.5459,12.4818,9.91545,8.71717,8.28077
1,0,0,58.1283982722,0.657568,-3.5270021361,1.71541,1.74707,1.91272,2.28511,3.09989,4.28918,5.38836,7.31994,11.5472,27.8315,81.9136,91.6116,41.6671,29.2275,18.5919,12.5143,9.94192,8.74084,8.30357
1,0,0,58.1556715352,0.662015,-3.5247733303,1.69313,1.72439,1.88792,2.25551,3.05981,4.23385,5.319,7.22604,11.4001,27.4873,81.5078,91.209,41.7709,29.302,18.6404,12.5474,9.96834,8.76418,8.32583
1,0,0,58.7173231754,0.666411,-3.4961426293,1.67105,1.70214,1.86382,2.22716,3.02229,4.18359,5.25766,7.1469,11.2895,27.3517,81.1704,90.843,41.7785,29.33,18.6709,12.5735,9.9914,8.78589,8.34759
1,0,0,59.3240601749,0.670816,-3.4095916247,1.64884,1.68018,1.8406,2.2007,2.98921,4.14275,5.21178,7.09722,11.2543,27.6749,80.9798,90.5557,41.5804,29.2584,18.6638,12.5852,10.0078,8.80467,8.36889
1,0,0,59.392470563,0.675154,-3.3669119986,1.62704,1.65829,1.81702,2.17313,2.95315,4.0952,5.15463,7.02564,11.1622,27.6559,80.6712,90.2028,41.5375,29.2612,18.6844,12.6073,10.0289,8.82535,8.39025
1,0,0,59.4160558069,0.679413,-3.3503592479,1.60568,1.63665,1.79346,2.14519,2.91571,4.04421,5.09148,6.94196,11.0375,27.428,80.2947,89.812,41.5848,29.3072,18.7212,12.6353,10.0525,8.84694,8.41144
1,0,-0.562,59.4421038137,0.683614,-3.3437301262,1.58463,1.61524,1.77006,2.1173,2.87801,3.99229,5.02651,6.85434,10.9015,27.1222,79.8924,89.4066,41.6654,29.3692,18.7637,12.6652,10.0768,8.86873,8.43243
1,0,-0.5664,59.4540096619,0.687539,-3.2551336623,1.56483,1.59571,1.74946,2.09391,2.849,3.95694,4.98742,6.81373,10.881,27.5139,79.7022,89.1194,41.4519,29.2863,18.7497,12.6727,10.0901,8.88486,8.45133
1,0,-0.5708,59.4205350311,0.69076,-2.9635210629,1.54827,1.58096,1.7359,2.08181,2.84173,3.96314,5.01343,6.89249,11.1604,29.907,80.0155,89.1189,40.5391,28.8545,18.5979,12.6251,10.0758,8.88702,8.46512
1,0,-0.5752,59.3722375222,0.693145,-2.4922117102,1.53573,1.57157,1.72984,2.08126,2.85614,4.01057,5.10445,7.09305,11.7667,35.284,80.7155,64.7916,39.0896,28.1407,18.3293,12.529,10.0368,8.87618,8.47374
1,0,0,59.7285355489,0.694657,-1.8831231965,1.52754,1.56761,1.73099,2.0915,2.89047,4.0962,5.25691,7.41426,12.7391,46.46,81.6391,60.0122,37.3374,27.2491,17.9796,12.3971,9.97882,8.85494,8.47786
1,0,0,60.2883586958,0.69541,-1.1582742899,1.52326,1.5685,1.73862,2.11153,2.94345,4.21934,5.4725,7.86974,14.1967,66.7213,82.687,55.1513,35.4332,26.2484,17.573,12.2382,9.90609,8.82569,8.47878
1,0,0,60.9265672243,0.695857,-0.5070051963,1.52077,1.5707,1.74711,2.13183,2.99563,4.34091,5.68797,8.33928,15.8462,70.329,83.4839,51.4123,33.8817,25.4105,17.2232,12.0991,9.8417,8.79961,8.47962
1,0,0,61.5662248566,0.696359,-0.0645179125,1.51821,1.57129,1.75194,2.14466,3.03051,4.42525,5.84136,8.68753,17.1981,71.807,83.8421,49.1587,32.9095,24.8761,16.9967,12.0086,9.80031,8.78365,8.4818
1,0,0,62.1270151818,0.696807,0.2542878368,1.51598,1.57133,1.755,2.15348,3.05545,4.48715,5.95596,8.95561,18.3235,72.5738,83.9587,47.6585,32.246,24.5071,16.8388,11.9453,9.77157,8.77297,8.48412
1,0,0,62.6633215579,0.697171,0.5564829667,1.51422,1.57172,1.75833,2.16243,3.08026,4.54866,6.07054,9.22837,19.5434,73.1755,84.028,46.319,31.6414,24.1672,16.6917,11.8859,9.74444,8.76281,8.48625
1,0,0,63.282769456,0.697438,0.8609321125,1.51298,1.57269,1.76233,2.17232,3.10683,4.61417,6.19304,9.52464,20.9596,73.7028,84.0821,45.0426,31.0541,23.8337,16.5456,11.8263,9.71696,8.75233,8.48815
1,0,0,63.9174060704,0.697557,1.1431539337,1.51251,1.57429,1.76686,2.18257,3.13332,4.67881,6.31413,9.82172,22.4818,74.1014,84.0847,43.9188,30.5274,23.5315,16.4117,11.771,9.69115,8.74221,8.48948
1,0,0,64.5576650207,0.697464,1.3829195822,1.51312,1.5767,1.7719,2.19281,3.1583,4.73836,6.42513,10.096,23.9773,74.3388,84.0095,43.0031,30.091,23.2785,16.2981,11.7234,9.66841,8.73279,8.48979
1,0,0,65.2150809074,0.697118,1.5640315413,1.51497,1.57997,1.77736,2.20264,3.18035,4.78872,6.51755,10.3229,25.2683,74.3948,83.8378,42.33,29.7649,23.0875,16.2109,11.6858,9.64985,8.72438,8.48875
1,0,0,65.9657392528,0.696494,1.6970723413,1.51819,1.58433,1.78357,2.2126,3.20064,4.83226,6.59509,10.5087,26.3391,74.3127,83.5891,41.8397,29.5236,22.9443,16.1439,11.6559,9.63421,8.71636,8.48619
1,0,0,66.7852936111,0.695592,1.8113774214,1.5228,1.59,1.79108,2.2239,3.2221,4.87606,6.67102,10.6861,27.3634,74.1732,83.3069,41.4184,29.313,22.8177,16.0834,11.6279,9.61877,8.70763,8.4822
1,0,0,67.6377937684,0.694421,1.9429457199,1.52877,1.59722,1.80054,2.23793,3.24842,4.92927,6.76295,10.9011,28.6496,74.0643,83.0422,40.9404,29.0719,22.6719,16.0131,11.5949,9.60034,8.69696,8.47698
1,0,0,68.4877839666,0.692987,2.1273464567,1.53612,1.6063,1.81264,2.25622,3.28351,5.0018,6.89035,11.2072,30.6301,74.0651,82.8426,40.2929,28.7438,22.4733,15.9174,11.5504,9.57584,8.68316,8.47077
1,0,0,69.3000598353,0.691279,2.3768924948,1.54493,1.61742,1.82774,2.27949,3.32922,5.09854,7.06337,11.6361,33.7283,74.1923,82.7212,39.4529,28.3148,22.2129,15.792,11.4924,9.54428,8.66586,8.46368
1,0,0,70.0573056497,0.689259,2.6708484916,1.55539,1.63064,1.84572,2.30729,3.38423,5.21621,7.27636,12.1793,38.2308,74.3879,82.6457,38.5061,27.8252,21.9136,15.6467,11.4249,9.50749,8.64569,8.45548
1,0,0,70.7662743009,0.686901,2.9725107707,1.56761,1.6458,1.86606,2.33835,3.44506,5.34608,7.51267,12.7957,44.2494,74.5686,82.5656,37.5729,27.335,21.6109,15.4979,11.3546,9.46858,8.62382,8.44587
1,0,0,71.4271920502,0.684196,3.2466882644,1.58156,1.66262,1.88806,2.37117,3.50776,5.47791,7.75175,13.4276,51.6082,74.6663,58.9963,36.7497,26.8947,21.3356,15.3599,11.2879,9.43049,8.60132,8.43452
1,0,0,72.0527743504,0.681176,3.4534515439,1.59702,1.68053,1.91065,2.40358,3.56686,5.59745,7.96407,13.9822,58.007,74.6127,57.1806,36.1302,26.556,21.1201,15.2485,11.2315,9.39654,8.57951,8.42117
1,0,0,72.6942430613,0.677855,3.5703578525,1.61386,1.6992,1.93316,2.43422,3.61881,5.69488,8.12823,14.3837,59.0873,74.3774,56.2949,35.7539,26.3425,20.9797,15.1716,11.1891,9.36845,8.55901,8.40559
1,0,0,73.4574546419,0.674208,3.634781227,1.63224,1.71908,1.95651,2.46492,3.66807,5.78139,8.26621,14.6931,59.3535,74.038,55.7566,35.5108,26.1976,20.8804,15.113,11.1538,9.34287,8.53847,8.38791
1,0,0,74.2818865128,0.670225,3.711156501,1.65234,1.74088,1.98219,2.49884,3.72293,5.87876,8.42314,15.0526,59.5964,73.7155,55.1399,35.2328,26.0324,20.7674,15.0469,11.1142,9.3145,8.51588,8.36867
1,0,0,75.1053877483,0.665911,3.8575128402,1.67424,1.76519,2.01155,2.53892,3.79125,6.0082,8.64396,15.6114,60.1289,73.5131,54.0959,34.7778,25.7709,20.5941,14.9508,11.0607,9.27876,8.48959,8.34847
1,0,0,75.849114188,0.661283,4.1063770585,1.69795,1.79232,2.0454,2.58699,3.87813,6.18431,8.96144,16.4935,60.9771,73.48,52.4832,34.0814,25.3768,20.3373,14.8135,10.9884,9.23339,8.45884,8.32779
1,0,0,76.3858058567,0.656373,4.4688989147,1.72337,1.82233,2.08402,2.64385,3.98638,6.41666,9.40056,17.8255,62.0498,73.6207,50.342,33.1468,24.8485,19.9949,14.6333,10.8964,9.17809,8.42376,8.30712
1,0,0,76.9929863007,0.651222,4.9203839277,1.75034,1.85487,2.12683,2.70853,4.11414,6.70312,9.96416,19.6961,63.179,73.8753,47.9227,32.0655,24.2318,19.594,14.4227,10.7902,9.11552,8.38554,8.28665
1,0,0,77.6105037147,0.645784,5.3729976675,1.7789,1.88926,2.17204,2.77691,4.25015,7.01347,10.5905,21.955,64.1017,74.0935,45.7021,31.0406,23.6375,19.2036,14.2148,10.684,9.05232,8.34646,8.26524
1,0,0,78.2004086374,0.639986,5.7581685453,1.8092,1.92503,2.21822,2.84553,4.38411,7.3169,11.2083,24.3363,64.7054,74.1775,43.9288,30.1937,23.1359,18.8689,14.0322,10.5876,8.99292,8.30777,8.24152
1,0,-0.7,78.734329975,0.633668,6.0319850756,1.84186,1.96239,2.26498,2.91255,4.50896,7.58829,11.7502,26.4694,64.9571,74.0782,42.6863,29.5767,22.76,18.6121,13.8861,10.5059,8.93914,8.26943,8.21382
1,0,-0.7,78.8262354443,0.626409,6.2357861633,1.87907,2.00403,2.31586,2.9834,4.63543,7.85097,12.2595,28.453,65.0125,73.8711,41.7355,29.0855,22.4514,18.3955,13.7573,10.4293,8.88543,8.22812,8.18044
1,0,-0.7,78.7308237948,0.617856,6.4919555935,1.92305,2.0535,2.37669,3.06881,4.79023,8.18007,12.9147,31.2265,65.1716,73.7354,40.6027,28.4954,22.0795,18.1345,13.6021,10.3375,8.82142,8.17929,8.14149
1,0,0,78.5673094072,0.60797,6.9123920236,1.9745,2.11279,2.45155,3.17759,4.99862,8.65634,13.9327,36.3914,65.6526,73.8148,38.9498,27.637,21.5437,17.7626,13.3865,10.2149,8.73986,8.12062,8.09872
1,0,0,78.4126187251,0.596711,7.5317594001,2.03399,2.18309,2.54275,3.31477,5.27629,9.33979,15.5139,46.8229,66.4636,74.1291,36.7938,26.5028,20.8341,17.2714,13.105,10.0588,8.63936,8.05186,8.05303
1,0,0,78.4112346022,0.584358,8.2508787288,2.09995,2.26191,2.64637,3.47346,5.60855,10.206,17.6836,54.6095,67.3548,74.5231,34.5604,25.2948,20.0674,16.7362,12.7955,9.88663,8.52892,7.97707,8.00464
1,0,0,78.722176244,0.57172,8.7623008567,2.16669,2.33975,2.74626,3.62251,5.91159,10.9883,19.7086,56.5057,67.7948,74.6302,33.034,24.4327,19.503,16.332,12.5518,9.74321,8.4312,7.9054,7.9514
1,0,0,79.1600222634,0.558727,9.0975384626,2.23447,2.417,2.84299,3.76252,6.18415,11.6654,21.4554,57.3677,67.9016,49.2906,31.997,23.8208,19.0884,16.0265,12.3582,9.62157,8.34267,7.83517,7.89292
1,0,0,79.6494951435,0.545252,9.2780201681,2.30388,2.49434,2.93733,3.89437,6.42602,12.2216,22.8055,57.6383,67.7448,47.9221,31.3277,23.4021,18.7911,15.7986,12.2042,9.51674,8.26065,7.76495,7.82868
1,0,0,80.1755649755,0.531219,9.3542235549,2.37549,2.57285,3.03128,4.02199,6.64769,12.6878,23.8255,57.578,67.42,47.1035,30.8818,23.1018,18.5658,15.6181,12.0737,9.42132,8.18153,7.69341,7.75927
1,0,0,80.613655538,0.516615,9.385621642,2.44972,2.65367,3.12712,4.15046,6.86477,13.1213,24.7046,57.3864,67.0253,46.4996,30.522,22.8458,18.3665,15.4541,11.9506,9.3278,8.10182,7.61963,7.68597
1,0,0,80.9945881655,0.501552,9.4130663204,2.52626,2.73695,3.22583,4.28266,7.08771,13.5649,25.5992,57.1788,66.6238,45.9048,30.1625,22.5882,18.1649,15.2876,11.825,9.23199,8.01991,7.54359,7.61023
1,0,0,81.357554445,0.486158,9.4890978198,2.60485,2.82318,3.32909,4.42313,7.33252,14.0839,26.7529,57.0836,66.2919,45.0733,29.6999,22.2727,17.9262,15.0953,11.6849,9.12868,7.93375,7.4653,7.53388
1,0,0,81.7993766087,0.470536,9.6324518602,2.68518,2.91234,3.4374,4.57365,7.60633,14.7104,28.3,57.1296,66.0519,43.9421,29.106,21.884,17.641,14.8709,11.5271,9.01665,7.84303,7.38506,7.45783
1,0,0,82.4089136263,0.454679,9.7815354785,2.76683,3.00316,3.54801,4.72798,7.88947,15.3696,29.978,57.1605,65.8111,42.8119,28.5081,21.4913,17.3523,14.6436,11.3671,8.90301,7.751,7.30367,7.38069
1,0,0,82.9963508007,0.438503,9.8778496838,2.84973,3.09465,3.65838,4.87986,8.16076,15.9746,31.4461,57.053,65.4889,41.9271,28.0127,21.1535,17.0971,14.4384,11.2181,8.79358,7.66007,7.22135,7.30074
1,0,0,83.4736198963,0.421952,9.9235717159,2.93414,3.18705,3.76873,5.0294,8.41965,16.5193,32.6637,56.8265,65.0932,41.2557,27.6075,20.864,16.8714,14.2525,11.0784,8.68754,7.56973,7.13776,7.21775
1,0,0,83.9150535602,0.405046,9.9404739708,3.02011,3.28071,3.87991,5.17867,8.6729,17.0307,33.7312,56.535,64.6564,40.6964,27.249,20.5992,16.6602,14.0758,10.9429,8.58247,7.47893,7.05271,7.1323
1,0,0,84.3425125362,0.387852,9.9517039436,3.10749,3.37582,3.99269,5.32982,8.92831,17.5422,34.7828,56.2279,64.21,40.1537,26.8959,20.3362,16.4494,13.8988,10.8064,8.47628,7.38688,6.96629,7.04527
1,0,0,84.7832849962,0.370441,9.9641944236,3.196,3.4722,4.107,5.48312,9.18777,18.0634,35.8609,55.9191,63.7633,39.6006,26.5368,20.069,16.2355,13.7193,10.6681,8.36866,7.29362,6.87876,6.95715
1,0,0,85.2613300703,0.352845,9.9715282833,3.28541,3.56946,4.22224,5.6374,9.44787,18.5817,36.9166,55.5956,63.3072,39.0638,26.1835,19.8043,16.0226,13.5401,10.5295,8.26047,7.19964,6.79036,6.86797
1,0,0,85.768129532,0.335081,9.9734763398,3.37561,3.6675,4.33827,5.79243,9.70811,19.0954,37.9445,55.2575,62.8417,38.5434,25.8365,19.5425,15.8111,13.3615,10.3908,8.15181,7.10501,6.70117,6.77783
1,0,0,86.2756384686,0.317152,9.9764557204,3.46666,3.76648,4.45544,5.94906,9.97131,19.6161,38.9909,54.9169,62.3747,38.0145,25.4845,19.2772,15.597,13.1809,10.2506,8.04204,7.00947,6.61116,6.68687
1,0,0,86.7293760323,0.299074,9.9779454106,3.55845,3.86624,4.57349,6.10677,10.236,20.1383,40.0348,54.5692,61.9031,37.4873,25.1323,19.0113,15.3821,12.9994,10.1096,7.93153,6.9132,6.5204,6.59513
1,0,0,87.1459127887,0.280868,9.9839614675,3.65095,3.96685,4.6927,6.26633,10.5049,20.6737,41.0472,54.2253,61.4346,36.9398,24.7704,18.7395,15.1631,12.8149,9.96671,7.81979,6.81605,6.42896,6.50282
1,0,8.1063383399,87.5767153664,0.262543,10.0151303715,3.74434,4.06897,4.81448,6.43102,10.7887,21.2661,41.753,53.9191,60.994,36.299,24.3664,18.4437,14.9287,12.6196,9.81775,7.70497,6.7172,6.33668,6.4104
1,0,0.2056,88.0601985743,0.244348,9.9522196056,3.83598,4.16723,4.92872,6.57936,11.0217,21.6558,41.7943,53.4489,60.4359,35.9998,24.114,18.2329,14.7483,12.4615,9.68894,7.59978,6.62305,6.24596,6.31679
1,0,0.21,88.4630970732,0.226688,9.6339415504,3.92187,4.25369,5.02063,6.68033,11.1103,21.4885,40.7133,52.5531,59.5684,36.6497,24.2771,18.2538,14.7149,12.4044,9.61534,7.52135,6.54242,6.16044,6.22118
1,0,0.2144,88.859090173,0.209501,9.1181649433,4.00308,4.33053,5.09443,6.74354,11.0887,20.9365,38.562,51.3261,58.4588,38.1617,24.7928,18.4647,14.7999,12.4278,9.5852,7.46396,6.47265,6.07951,6.1249
1,0,0.2188,89.4412142834,0.192888,8.4463719285,4.07981,4.39875,5.15272,6.77591,10.9849,20.1491,35.3584,49.8191,57.1469,62.6345,25.6496,18.8499,14.9901,12.5215,9.59249,7.42492,6.41287,6.00367,6.02984
1,0,0,89.9456925091,0.177073,7.7301173888,4.15237,4.46111,5.20246,6.79465,10.8574,19.3615,32.5157,48.204,55.7606,61.3907,26.7081,19.3258,15.2316,12.6483,9.61751,7.39561,6.35974,5.93306,5.93934
1,0,0,90.3497894532,0.161989,7.1072549697,4.2225,4.52255,5.25394,6.82213,10.7711,18.7788,30.5132,46.7318,54.4784,60.2229,27.7004,19.7509,15.438,12.7507,9.63013,7.36217,6.30669,5.86551,5.85493
1,0,0,90.744268334,0.147105,6.7646262082,4.29437,4.5918,5.32326,6.89048,10.8096,18.626,29.7715,45.7841,53.5586,59.3314,28.1303,19.8846,15.4682,12.7364,9.58271,7.30199,6.24179,5.79529,5.77573
1,0,0,91.3211442201,0.132446,6.5668984731,4.36642,4.66432,5.40087,6.97839,10.9078,18.6724,29.5782,45.1166,52.8289,58.5846,28.2388,19.8581,15.4038,12.6603,9.50419,7.22837,6.1712,5.72412,5.69963
1,0,0,91.8567707372,0.118048,6.4038919804,4.43745,4.73642,5.47896,7.06888,11.0165,18.7589,29.503,44.5168,52.1435,57.8699,28.273,19.795,15.3183,12.5709,9.41953,7.15265,6.10029,5.65375,5.62534
1,0,0,92.3111227564,0.105245,6.2821384489,4.5008,4.8012,5.54981,7.15248,11.1223,18.8655,29.5165,44.0209,51.5535,57.2445,28.2468,19.7106,15.2254,12.4804,9.33859,7.08276,6.03605,5.59082,5.55961
1,0,0,92.7984849676,0.0927352,6.1939029485,4.56296,4.86541,5.62106,7.23858,11.2385,19.0093,29.6315,43.5837,51.0041,56.6498,28.1444,19.5909,15.1128,12.3778,9.25232,7.01126,5.97177,5.52885,5.49576
1,0,0,93.235553861,0.0805077,6.1481809164,4.62406,4.92946,5.69349,7.32887,11.3694,19.2032,29.8771,43.2174,50.5057,56.0946,27.9421,19.425,14.9745,12.2591,9.15877,6.93726,5.90703,5.46766,5.43379
1,0,0,93.6013693619,0.0685146,6.1266377033,4.68418,4.99303,5.76617,7.421,11.5079,19.424,30.1938,42.8864,50.0343,55.5603,27.6849,19.2344,14.8228,12.1324,9.06178,6.86234,5.84244,5.40729,5.37326
1,0,0,93.977265396,0.0566862,6.1411335356,4.74379,5.05693,5.84047,7.51759,11.6607,19.6908,30.6269,42.6082,49.6038,55.0586,27.3432,19.0049,14.6491,11.9919,8.95837,6.78499,5.77712,5.34722,5.31393
1,0,0,94.4921894357,0.044952,6.1870274549,4.80322,5.12142,5.91658,7.61868,11.8271,20.0007,31.168,42.3712,49.2067,54.5839,26.9301,18.742,14.4565,11.8394,8.84918,6.70532,5.71094,5.28718,5.25537
1,0,0,95.052048084,0.0332536,6.2219205847,4.86237,5.18538,5.99173,7.71785,11.9886,20.296,31.6742,42.106,48.7911,54.0941,26.5468,18.4933,14.2722,11.6924,8.74283,6.62701,5.64549,5.2275,5.19688
1,0,0,95.5290485604,0.0215693,6.2442659387,4.92135,5.24884,6.06588,7.81492,12.1442,20.574,32.0436,41.8126,48.3562,53.5885,26.1952,18.2598,14.0967,11.551,8.63938,6.55002,5.58069,5.16807,5.13833
1,0,0,95.9683268562,0.00989122,6.2617984472,4.98026,5.31212,6.13965,7.91121,12.2977,20.8456,32.271,41.5047,47.912,53.0752,25.8559,18.0321,13.9245,11.4119,8.53705,6.47355,5.51615,5.10875,5.07976
1,0,0,96.3903478116,-0.00179234,6.2746899976,5.03915,5.37528,6.21313,8.00682,12.4492,21.1111,32.4026,41.1833,47.4591,52.5545,25.5279,17.8097,13.7555,11.2747,8.43569,6.3975,5.4518,5.04948,5.02112
1,0,0,96.7953182894,-0.0134908,6.285232421,5.0981,5.43844,6.28653,8.10217,12.5998,21.3736,32.4684,40.8526,47.0004,52.0289,25.2055,17.5899,13.5879,11.1384,8.33475,6.3216,5.38747,4.99016,4.96237
1,0,0,97.2197173075,-0.0252144,6.2923370977,5.15714,5.50161,6.35983,8.19716,12.7492,21.6319,32.4808,40.5117,46.5351,51.4976,24.8905,17.3735,13.4221,11.0033,8.2343,6.24585,5.32316,4.93076,4.90347
1,0,0,97.6971818391,-0.0369768,6.2911338863,5.2163,5.56469,6.4327,8.29099,12.8948,21.8782,32.4403,40.1547,46.0581,50.9561,24.5927,17.1651,13.2609,10.871,8.13518,6.17059,5.25897,4.87128,4.84429
1,0,0,98.2143456742,-0.0487833,6.2894150129,5.27567,5.62798,6.5058,8.38507,13.0408,22.1246,32.3695,39.7922,45.5778,50.4114,24.2949,16.9564,13.0993,10.7384,8.03577,6.09508,5.19457,4.81158,4.78488
1,0,0,98.6992626894,-0.0606393,6.2926235766,5.33534,5.69173,6.57961,8.48046,13.1899,22.3798,32.2819,39.4312,45.0996,49.8682,23.9853,16.7418,12.9342,10.6033,7.935,6.01884,5.12969,4.75157,4.72527
1,0,0,99.1235565775,-0.0725404,6.2959467318,5.39524,5.75572,6.65372,8.57623,13.3396,22.6363,32.1714,39.0656,44.6189,49.3224,23.6746,16.5264,12.7684,10.4678,7.83386,5.94231,5.06458,4.69133,4.66544
1,0,0,99.5359147859,-0.084488,6.3033378874,5.45542,5.82013,6.72848,8.67317,13.4922,22.9006,32.0468,38.7004,44.1396,48.7778,23.3545,16.3063,12.5998,10.3302,7.73158,5.86516,4.99905,4.6308,4.6054
1,0,0,99.9713735936,-0.096487,6.3158856631,5.51591,5.88503,6.80402,8.77152,13.6483,23.1748,31.9108,38.3364,43.6627,48.2349,23.0232,16.0806,12.4277,10.1903,7.62798,5.78727,4.93306,4.56996,4.54515
1,0,0,100.3898983988,-0.108536,6.3137657192,5.5765,5.94961,6.8786,8.86751,13.7971,23.4259,31.7368,37.951,43.1687,47.677,22.7203,15.8681,12.2631,10.0552,7.52663,5.71026,4.86735,4.50904,4.48452
1,0,0,100.7814368444,-0.120632,6.2732576031,5.63692,6.01288,6.95005,8.95636,13.9252,23.613,31.4972,37.5195,42.636,47.0852,22.4916,15.6907,12.1186,9.93293,7.43165,5.63597,4.80279,4.44834,4.42332
1,0,0,101.335830802,-0.132769,6.1891473988,5.69705,6.07453,7.01777,9.03684,14.0292,23.7262,31.1924,37.0391,42.061,46.4558,22.3457,15.5524,11.9966,9.82506,7.34377,5.56474,4.73957,4.38793,4.36158
1,0,0,101.8848167287,-0.144931,6.128814943,5.75757,6.13725,7.08766,9.12192,14.1461,23.8786,30.9116,36.5829,41.507,45.8437,22.1502,15.3901,11.8606,9.70806,7.25122,5.49135,4.67528,4.32711,4.29992
1,0,0,102.2709076836,-0.157077,6.1068706594,5.81841,6.20144,7.16085,9.21431,14.2838,24.053,30.669,36.1644,40.9866,45.2607,21.8782,15.1916,11.7037,9.57764,7.15198,5.41502,4.60965,4.2659,4.23867
1,0,0,102.6288122321,-0.169206,6.1418210849,5.87978,6.26792,7.23913,9.31794,14.4534,24.2424,30.4809,35.7996,40.5151,44.7209,21.4966,14.9415,11.5171,9.4281,7.04318,5.33448,4.54209,4.20411,4.17795
1,0,0,103.1432500174,-0.181345,6.2167066687,5.94166,6.3362,7.32128,9.42999,14.6468,24.4214,30.322,35.4674,40.0744,44.2089,21.0429,14.657,11.3106,9.26568,6.92788,5.25102,4.47315,4.14185,4.11749
1,0,0,103.6368420403,-0.193534,6.2593920245,6.00346,6.40343,7.40086,9.53613,14.823,24.5051,30.1127,35.0967,39.6008,43.6675,20.652,14.4019,11.1209,9.11393,6.8178,5.16974,4.4051,4.07971,4.05652
1,0,0,104.0277993532,-0.205787,6.2414584455,6.06489,6.46839,7.47513,9.63028,14.9645,24.4782,29.8291,34.6642,39.0724,43.0769,20.3703,14.1983,10.9607,8.98116,6.71708,5.09247,4.33877,4.01792,3.99474
1,0,0,104.5659297004,-0.218098,6.1627913402,6.12589,6.53095,7.54387,9.712,15.0703,24.358,29.4785,34.1741,38.4919,42.4385,20.1947,14.0444,10.8291,8.86664,6.62537,5.01907,4.2741,3.95648,3.93223
1,0,0,105.0955716237,-0.23046,6.1032037295,6.18737,6.59457,7.61464,9.79791,15.1875,24.239,29.1421,33.6999,37.926,41.8126,20.0108,13.8722,10.6866,8.74499,6.52992,4.94386,4.20847,3.89456,3.86964
1,0,0,105.4594943069,-0.242829,6.0910570243,6.24943,6.66032,7.69,9.89381,15.3328,24.1472,28.8439,33.2648,37.3969,41.2199,19.7724,13.6592,10.5206,8.60814,6.42683,4.86523,4.14121,3.83208,3.80735
1,0,0,105.8549395052,-0.255201,6.1505300434,6.31234,6.72932,7.77243,10.0052,15.5218,24.1,28.6012,32.8861,36.9217,40.6769,19.4032,13.3879,10.3209,8.44959,6.31283,4.78173,4.07167,3.76886,3.74555
1,0,0,106.3255875419,-0.26759,6.2614546725,6.37599,6.80085,7.86028,10.1283,15.744,24.0726,28.3904,32.5427,36.4813,40.1668,18.931,13.0777,10.0987,8.27641,6.19142,4.69487,4.00052,3.70506,3.68403
1,0,0,106.8866126173,-0.28005,6.3319284813,6.43953,6.87099,7.94472,10.2436,15.9433,23.9845,28.1322,32.1584,36.0042,39.6228,18.5789,12.8013,9.89566,8.11539,6.07591,4.61046,3.93035,3.64134,3.62185
0,0,0,107.3753580658,-0.292616,6.3332462843,6.50277,6.93851,8.02285,10.3444,16.1007,23.8202,27.8084,31.7145,35.4716,39.0273,18.4683,12.5769,9.72237,7.97337,5.96968,4.52991,3.86171,3.57777,3.55864
0,0,0,107.5586601115,-0.30529,6.316172142,6.56631,7.00572,8.09973,10.4419,16.2475,23.6274,27.4643,31.254,34.924,38.4174,18.6286,12.3641,9.55548,7.83524,5.8651,4.44981,3.79301,3.51383,3.49476
0,0,0,107.558284754,-0.318026,6.3052286481,6.63024,7.07355,8.17762,10.5413,16.3989,23.4276,27.1206,30.7971,34.3811,37.812,41.0404,12.1454,9.38489,7.69457,5.75907,4.3689,3.72379,3.44951,3.43062
0,0,0,107.5609238797,-0.330798,6.3003585068,6.69442,7.14186,8.25634,10.6423,16.5347,23.2208,26.7771,30.3435,33.8426,37.211,40.397,11.9214,9.21114,7.55176,5.65187,4.28737,3.65418,3.38495,3.36634
0,0,0,107.5729688061,-0.343589,6.2994417743,6.75876,7.21046,8.3356,10.7444,16.6332,23.0058,26.4316,29.8913,33.3066,36.6127,39.7558,11.6942,9.03544,7.40766,5.54396,4.20547,3.58436,3.32026,3.30199
0,0,0,107.5839443748,-0.356393,6.2976083094,6.82314,7.27908,8.41484,10.8464,16.6968,22.7797,26.081,29.4369,32.7698,36.0139,39.1139,11.4673,8.85992,7.26363,5.43605,4.12355,3.5145,3.25551,3.23757
0,1,0,107.589027959,-0.369209,6.2927954639,6.88755,7.34762,8.49382,10.9477,16.7286,22.5419,25.7241,28.979,32.2308,35.4132,38.47,11.2422,8.68537,7.1202,5.32842,4.04171,3.44464,3.19073,3.17307
0,1,0,106.4842072182,-0.381966,6.2922225061,6.95171,7.41605,8.5729,11.0496,16.7359,22.2987,25.3673,28.5245,31.6967,34.8179,37.8312,11.0152,8.50994,6.97635,5.22073,3.96,3.37499,3.1262,3.1089
0,1,0,104.8802060913,-0.394515,6.2783569275,7.01465,7.48268,8.64921,11.1465,16.7129,22.0424,25.0031,28.0664,31.1612,34.2227,37.1932,10.8005,8.34234,6.83805,5.11641,3.88035,3.30682,3.06284,3.04569
0,1,0,103.3205478121,-0.406824,6.213268922,7.07568,7.5454,8.71829,11.229,16.6462,21.7538,24.6107,27.583,30.6027,33.6059,36.5352,10.6223,8.19665,6.71448,5.02017,3.80493,3.24121,3.0011,2.9834
0,1,0,101.9088453121,-0.418905,6.0957552782,7.13487,7.60416,8.77999,11.2966,16.5409,21.4358,24.1921,27.0756,30.0216,32.9677,35.8566,10.4798,8.07237,6.60526,4.93175,3.7336,3.17808,2.94092,2.922
0,1,0,100.5021041228,-0.430772,5.9941125653,7.19319,7.66252,8.84199,11.3661,16.4305,21.1268,23.7874,26.5852,29.4591,32.3484,35.1963,10.3307,7.94409,6.49391,4.84283,3.66261,3.11563,2.88167,2.86179
0,1,0,98.9272997853,-0.44241,5.952630421,7.25115,7.7227,8.90924,11.4484,16.3336,20.8486,23.4197,26.136,28.94,31.7731,34.5794,10.1691,7.79637,6.3706,4.74855,3.58983,3.05292,2.82307,2.80307
0,1,0,97.1509409827,-0.453794,5.9605945343,7.30848,7.78407,8.98046,11.5391,16.2446,20.5935,23.0812,25.7203,28.4571,31.2352,33.9997,10.0095,7.63442,6.23875,4.65071,3.51614,2.9904,2.76537,2.74587
0,1,0,95.3080575366,-0.464909,5.9662095207,7.36443,7.84387,9.04976,11.6116,16.1437,20.3361,22.7443,25.3094,27.9812,30.7056,33.4291,9.89283,7.47715,6.11056,4.55546,3.44431,2.92942,2.70906,2.69003
0,1,0,93.5545519304,-0.47576,5.9015225856,7.41811,7.89856,9.10933,11.6491,16.008,20.0464,22.3765,24.8686,27.4762,30.1477,32.831,9.89365,7.34719,6.00057,4.47004,3.37756,2.87146,2.6546,2.63517
0,1,0,91.9356022591,-0.486363,5.7638408275,7.46958,7.94804,9.15888,11.6547,15.8406,19.7268,21.9795,24.3991,26.9427,29.5615,32.205,10.0808,7.24419,5.90846,4.39422,3.31573,2.81642,2.60192,2.58123
0,1,0,90.4747350119,-0.496746,5.6207102407,7.51988,7.99601,9.20632,11.6462,15.6675,19.4086,21.5867,23.9358,26.4167,28.9833,31.5867,10.5589,7.1449,5.81916,4.3204,3.25536,2.76261,2.55037,2.52843
0,1,0,89.0668310679,-0.506913,5.5406336592,7.56993,8.04611,9.2596,11.6391,15.5112,19.1193,21.228,23.5108,25.9316,28.4474,31.0109,33.5743,7.04033,5.71826,4.24138,3.19325,2.70851,2.49942,2.47701
0,1,0,87.608024243,-0.516868,5.5632712217,7.62023,8.10046,9.3234,11.6408,15.3821,18.872,20.918,23.1397,25.5046,27.9719,30.4964,33.0313,6.9263,5.59819,4.15346,3.12777,2.65335,2.4488,2.42709
0,1,0,86.0006690822,-0.526588,5.659069765,7.67032,8.1575,9.39277,11.6448,15.269,18.6523,20.6409,22.8064,25.1189,27.5403,30.0271,32.5337,6.81223,5.46646,4.06041,3.06064,2.598,2.39887,2.37865
0,1,0,84.3849767854,-0.536064,5.7609760385,7.71931,8.21365,9.45142,11.6387,15.1515,18.4336,20.3678,22.4795,24.7417,27.1187,29.5688,32.0477,6.72452,5.33765,3.9693,2.99501,2.54395,2.35017,2.33146
0,1,0,82.8012929143,-0.5453,5.7917438721,7.76614,8.26473,9.49049,11.6094,15.0083,18.1886,20.068,22.1257,24.3375,26.67,29.0835,31.535,6.70052,5.23725,3.88738,2.9341,2.49271,2.30318,2.28517
0,1,0,81.2649364006,-0.554303,5.7181531729,7.81038,8.30883,9.50815,11.5535,14.8333,17.9083,19.7314,21.7336,23.8934,26.1803,28.5565,30.9804,6.77277,5.17912,3.81721,2.87903,2.44476,2.25805,2.23963
0,1,0,79.8570723404,-0.563095,5.5495259642,7.85228,8.34658,9.50738,11.4753,14.632,17.5993,19.3646,21.3097,23.4161,25.656,27.9937,30.3892,6.97748,5.16644,3.75731,2.82905,2.39973,2.21458,2.19481
0,1,0,78.5157341205,-0.571685,5.3733357126,7.89311,8.38282,9.49847,11.3909,14.4294,17.2928,19.0021,20.8915,22.9454,25.1384,27.4375,29.804,7.34111,5.18595,3.69966,2.78048,2.35586,2.17216,2.15103
0,1,0,77.1561220292,-0.58008,5.2606406439,7.93382,8.41841,9.48873,11.3122,14.2429,17.0112,18.6687,20.5063,22.5106,24.6591,26.9206,29.2584,7.98142,5.22437,3.64704,2.73044,2.31177,2.1303,2.10848
0,1,0,75.7796433291,-0.588274,5.2455317468,7.97477,8.45138,9.48109,11.2434,14.0792,16.7631,18.3743,20.1649,22.124,24.2311,26.4574,28.7675,31.2336,5.27355,3.60064,2.67774,2.26694,2.08883,2.06729
0,1,0,74.3879845848,-0.596261,5.3401671858,8.0161,8.4821,9.47617,11.1854,13.939,16.5496,18.12,19.8691,21.7878,23.8576,26.0516,28.3357,30.776,5.32871,3.559,2.6222,2.22127,2.04773,2.02749
0,1,0,72.8875733525,-0.604029,5.4940407313,8.05716,8.508,9.4693,11.1303,13.8097,16.3538,17.8873,19.5986,21.4801,23.5154,25.6791,27.9388,30.3585,5.40537,3.52697,2.5707,2.17586,2.00742,1.98899
0,1,0,71.4067457988,-0.611572,5.6162182515,8.09672,8.52522,9.45309,11.0655,13.671,16.1495,17.6464,19.3201,21.1649,23.166,25.2996,27.5349,29.9321,5.54289,3.51419,2.5313,2.13235,1.96848,1.95151
0,1,0,69.9691177091,-0.618897,5.6450265695,8.13214,8.53183,9.42343,10.9837,13.511,15.9203,17.3788,19.0133,20.8195,22.7845,24.8866,27.0965,29.4643,5.79351,3.52857,2.50639,2.09596,1.9312,1.9148
0,1,0,68.6252068855,-0.626017,5.5587620438,8.16015,8.528,9.3799,10.8837,13.3271,15.6627,17.0803,18.6727,20.4375,22.3639,24.4322,26.6148,28.9459,6.24801,3.57536,2.49708,2.07071,1.89683,1.87875
0,1,0,67.4318960073,-0.632581,4.5902571053,8.18176,8.51492,9.3239,10.7673,13.1216,15.379,16.7531,18.3006,20.0212,21.9061,23.9377,26.0904,28.3795,7.25689,3.65936,2.50392,2.05654,1.8709,1.84358
0,1,0,66.2058594935,-0.637706,3.3286785249,8.19846,8.49622,9.26183,10.6447,12.9103,15.0897,16.4202,17.9226,19.5982,21.4406,23.4344,25.556,27.8041,30.5976,3.77735,2.52453,2.05217,1.85349,1.81482
0,1,0,64.9477352874,-0.641421,2.1276558539,8.21116,8.47536,9.20026,10.5268,12.7102,14.8172,16.1069,17.5669,19.2001,21.0019,22.9592,25.0502,27.263,29.9819,3.92124,2.55515,2.05569,1.84367,1.79425
0,1,-3.3490066225,63.5501490628,-0.643784,1.0393339812,8.21989,8.45379,9.14227,10.4189,12.5296,14.5724,15.8259,17.2479,18.8429,20.6078,22.5316,24.5943,26.7784,29.4383,4.08475,2.59307,2.06574,1.84064,1.7814
0,0,-0.7,62.1001652272,-0.644866,0.0903359637,8.22434,8.43189,9.08894,10.3227,12.3714,14.3593,15.5817,16.971,18.5328,20.2657,22.1601,24.1976,26.359,28.9782,4.26244,2.63625,2.08122,1.84366,1.77567
0,0,-0.7,60.7805613837,-0.644758,-0.7195032104,8.22425,8.40936,9.03975,10.2373,12.2339,14.1758,15.3719,16.7337,18.2675,19.9732,21.8424,23.8585,26.002,28.598,4.45153,2.68358,2.10144,1.85211,1.77636
0,0,-0.7,59.7695530101,-0.643873,-1.2968097552,8.22087,8.38999,9.00142,10.1734,12.1331,14.0425,15.2203,16.5626,18.0766,19.763,21.6145,23.6152,25.7495,28.3528,4.61632,2.72544,2.12129,1.86266,1.78113
0,0,-0.7,59.3013746102,-0.642909,-1.5176964444,8.21661,8.37959,8.98369,10.1457,12.0913,13.9884,15.1591,16.4941,18.0007,19.6799,21.5248,23.5199,25.6616,28.3229,4.69513,2.74699,2.13283,1.87007,1.78614
0,0,-0.7,58.8187221805,-0.641913,-1.4407310237,8.21143,8.37646,8.98284,10.1479,12.098,13.9992,15.1724,16.5102,18.0197,19.7018,21.5496,23.5475,25.7209,28.487,4.69079,2.75032,2.1369,1.87449,1.79106
0,0,-0.7,58.4262854275,-0.640898,-1.1509003231,8.20568,8.37863,8.99417,10.1716,12.1395,14.0568,15.2394,16.587,18.1068,19.7992,21.6567,23.6632,25.9004,28.8119,4.62778,2.74061,2.13559,1.87676,1.79591
0,0,-0.7,58.2363806966,-0.639953,-0.7116766069,8.20022,8.38522,9.01485,10.2112,12.2067,14.1487,15.3454,16.7081,18.2433,19.951,21.8228,23.8419,26.1833,29.2785,4.52823,2.72156,2.13017,1.87717,1.80039
0,0,-0.7,58.1207403755,-0.6392,-0.2136616914,8.19604,8.39475,9.04054,10.2588,12.286,14.2562,15.469,16.8489,18.4016,20.1264,22.0141,24.0518,26.535,29.8432,4.41863,2.69815,2.12235,1.87613,1.80401
0,0,-0.7,58.0092370849,-0.63866,0.2916899487,8.19338,8.40605,9.06842,10.3092,12.3691,14.3682,15.5976,16.9948,18.5652,20.3072,22.2109,24.293,26.9341,30.4798,4.31228,2.67345,2.11337,1.87407,1.80672
0,0,-0.7,57.8976795762,-0.638324,0.7826317003,8.19217,8.41846,9.0971,10.3601,12.4522,14.4798,15.7252,17.1393,18.7269,20.4855,22.4043,24.5602,27.3718,31.1783,4.21351,2.6488,2.10381,1.87126,1.80857
0,0,-0.7,57.7482958954,-0.638227,1.2258260139,8.19248,8.43111,9.12462,10.408,12.5295,14.583,15.8431,17.2725,18.8755,20.6489,22.5811,24.838,27.8284,31.9136,4.12703,2.62563,2.09421,1.86779,1.80932
0,0,0,57.607007493,-0.638593,1.5099385958,8.19501,8.44162,9.14481,10.4415,12.5821,14.6524,15.9218,17.361,18.9737,20.7564,22.6996,25.0656,28.222,32.5716,4.06834,2.60788,2.08567,1.86342,1.80772
0,0,0,57.4808232661,-0.639404,1.6544099039,8.19947,8.4502,9.15847,10.4621,12.6128,14.6916,15.9658,17.4098,19.0273,20.8144,22.7774,25.2435,28.5522,33.1493,4.03083,2.59425,2.07772,1.85799,1.8038
0,0,0,57.45966188,-0.640413,1.6600936452,8.20453,8.45551,9.16421,10.4685,12.6198,14.699,15.9733,17.4173,19.0347,20.8215,22.8098,25.3625,28.8054,33.6259,4.01613,2.58634,2.0717,1.85274,1.79876
0,0,0,57.4734867778,-0.640801,1.3131447819,8.20555,8.44685,9.14389,10.4321,12.5603,14.619,15.8817,17.3137,18.919,20.6942,22.6913,25.282,28.7879,33.7206,4.07454,2.60141,2.07713,1.8537,1.79651
0,0,-0.7,57.4883148719,-0.640521,0.7250379827,8.20307,8.42794,9.10515,10.3662,12.4552,14.4795,15.7229,17.1347,18.7197,20.4755,22.4649,25.0581,28.574,33.5344,4.19341,2.635,2.09217,1.86038,1.79756
0,0,-0.7,57.4763860063,-0.639794,0.0701867569,8.19897,8.40558,9.06086,10.292,12.3378,14.3243,15.5463,16.9358,18.4982,20.2324,22.2093,24.7948,28.3055,33.2692,4.34416,2.67714,2.11193,1.87028,1.80103
0,0,-0.7,57.4120401503,-0.638932,-0.5025928483,8.19488,8.38558,9.02184,10.2271,12.2357,14.1894,15.3929,16.7629,18.3056,20.0207,21.9926,24.5828,28.107,33.1048,4.49255,2.71725,2.13109,1.8804,1.80542
0,0,-0.7,57.3042532788,-0.638001,-0.9592745885,8.19083,8.36887,8.99003,10.1749,12.154,14.0818,15.2707,16.6252,18.1523,19.8522,21.8307,24.4433,28.0083,33.0856,4.62543,2.75226,2.14821,1.88995,1.81028
0,0,-0.7,57.1781973057,-0.637044,-1.2777531789,8.18668,8.3559,8.96655,10.1372,12.0959,14.0057,15.1844,16.5283,18.0445,19.7339,21.7352,24.3923,28.0327,33.2477,4.73011,2.77979,2.16223,1.89833,1.81528
0,0,-0.7,57.047009866,-0.636138,-1.4564128786,8.18259,8.34685,8.95155,10.1141,12.0613,13.9611,15.1341,16.472,17.9822,19.666,21.7103,24.4364,28.1909,33.6107,4.7983,2.7985,2.17242,1.90501,1.81995
0,0,-0.7,56.9157914882,-0.63538,-1.5261533014,8.17898,8.34128,8.94358,10.1029,12.0455,13.9413,15.1121,16.4477,17.9557,19.6431,21.7466,24.5639,28.4687,34.1588,4.83295,2.80918,2.17889,1.90976,1.82381
0,0,-0.7,56.796374403,-0.634856,-1.5390734997,8.1764,8.33831,8.94009,10.0986,12.0403,13.9353,15.1057,16.441,17.9486,19.6513,21.8238,24.7482,28.831,34.8445,4.8464,2.81431,2.18242,1.91265,1.82644
0,0,0,56.6649852543,-0.634573,-1.4732692969,8.17481,8.33851,8.94235,10.1037,12.0493,13.948,15.1205,16.4581,17.9681,19.7016,21.9574,25.0115,29.3116,35.7256,4.8316,2.81239,2.1824,1.91342,1.8278
0,0,0,56.5750774431,-0.634482,-1.3253717013,8.17398,8.34174,8.95032,10.118,12.0729,13.9799,15.1571,16.4997,18.0149,19.799,22.1547,25.3659,29.9321,36.8451,4.78922,2.80367,2.17903,1.91229,1.82812
0,0,0,56.6027404107,-0.63405,-1.2692562148,8.17169,8.34096,8.95127,10.1213,12.0796,13.9896,15.1687,16.5132,18.0304,19.8717,22.3211,25.682,30.5078,37.9223,4.78049,2.80363,2.18018,1.91396,1.83024
0,0,0,56.6238612144,-0.632568,-1.5542110446,8.165,8.32636,8.92719,10.0844,12.0243,13.9183,15.0883,16.4233,17.9331,19.8041,22.3004,25.741,30.7134,38.4291,4.89297,2.83408,2.19677,1.92486,1.8379
0,0,0,56.6384035179,-0.630134,-2.1125927935,8.15466,8.30061,8.88309,10.0155,11.9199,13.7828,14.935,16.2514,17.7456,19.618,22.1205,25.5778,30.592,38.4151,5.12526,2.89146,2.22695,1.944,1.85071
0,0,0,56.6532663349,-0.626899,-2.8300047079,8.14164,8.26788,8.82703,9.92801,11.7875,13.6107,14.7404,16.033,17.5053,19.3624,21.8463,25.282,30.2733,38.0815,5.47684,2.9693,2.26747,1.96968,1.86801
0,0,0,56.6667484733,-0.622886,-3.6246857106,8.12614,8.23064,8.7642,9.83086,11.6413,13.4212,14.5261,15.7924,17.2398,19.0732,21.5264,24.9214,29.8577,37.5891,5.97966,3.06388,2.31651,2.00112,1.88972
0,0,0,56.6779919191,-0.61807,-4.4516586146,8.10798,8.18997,8.69715,9.72856,11.4887,13.2241,14.3035,15.5427,16.9637,18.77,21.1873,24.5336,29.4008,37.0288,6.75799,3.17393,2.37344,2.03811,1.91601
0,0,0,56.6868372363,-0.612428,-5.2930127593,8.08702,8.14622,8.62682,9.62281,11.3325,13.0232,14.077,15.2887,16.6828,18.4604,20.8393,24.133,28.9247,36.4367,64.2129,3.29999,2.4383,2.08072,1.94701
0,0,-0.7,56.6952694708,-0.605936,-6.1416491976,8.06313,8.09946,8.55348,9.5142,11.1738,12.8199,13.848,15.0323,16.3994,18.1472,20.4865,23.7255,28.4379,35.8267,63.6623,3.44358,2.51144,2.12915,1.98288
0,0,-0.7,56.6776301392,-0.598776,-6.918522672,8.03623,8.05174,8.48158,9.41024,11.0243,12.6301,13.6349,14.7942,16.1382,17.863,20.1726,23.3724,28.0323,35.349,63.253,3.5964,2.58899,2.18125,2.02241
0,0,-0.7,56.6149476987,-0.591365,-7.4997883551,8.00648,8.00649,8.41815,9.32259,10.9024,12.4779,13.4654,14.6061,15.9378,17.6584,19.9659,23.1699,27.8512,35.2393,63.2496,3.73897,2.66266,2.23231,2.06273
0,0,-0.7,56.5081853437,-0.583798,-7.9071040517,7.97405,7.96325,8.36192,9.2489,10.804,12.3581,13.3333,14.461,15.7917,17.5248,19.855,23.1027,27.8742,35.4699,63.5962,3.86878,2.73163,2.28172,2.10321
0,0,-0.7,56.395918106,-0.576159,-8.1517570302,7.93916,7.92193,8.31239,9.18805,10.7273,12.2678,13.2355,14.3555,15.6981,17.4602,19.8379,23.1693,28.1026,36.0537,64.2464,3.98269,2.79485,2.32883,2.14329
0,0,-0.7,56.2742403676,-0.568551,-8.2501338836,7.90236,7.88259,8.26909,9.13889,10.6701,12.2042,13.1685,14.2853,15.6549,17.462,19.9121,23.3689,28.5407,37.014,65.1386,4.07878,2.85165,2.37307,2.18241
0,0,-0.7,56.1465789314,-0.561129,-8.2261842478,7.86472,7.84564,8.23173,9.10022,10.6298,12.1634,13.128,14.2489,15.6589,17.5267,20.0739,23.6984,29.1912,38.3788,66.1997,4.15654,2.90154,2.41385,2.21985
0,0,-0.7,56.0174206615,-0.553997,-8.0927423773,7.82699,7.81146,8.20029,9.07158,10.6055,12.1439,13.112,14.2493,15.7106,17.6556,20.3268,24.167,30.0786,40.224,67.3832,4.21528,2.94407,2.45071,2.25512
0,0,-0.7,55.8939750513,-0.547195,-7.8542200472,7.78951,7.78025,8.17486,9.05291,10.5968,12.1454,13.12,14.2889,15.8136,17.8546,20.6814,24.7957,31.2505,42.6878,68.6607,4.25464,2.97904,2.48348,2.28806
0,0,-0.7,55.7856919757,-0.54069,-7.5149717367,7.75231,7.75192,8.15521,9.04386,10.6033,12.1672,13.1516,14.3704,15.9723,18.1313,21.1513,25.6125,32.7745,45.9825,70.0064,4.27557,3.00681,2.51242,2.31889
0,0,-0.7,55.6878557083,-0.534432,-7.0909829683,7.71552,7.72616,8.1406,9.04313,10.623,12.2066,13.212,14.4938,16.1875,18.4888,21.7457,26.6416,34.7236,50.34,71.3807,4.28141,3.02858,2.53817,2.34801
0,0,-0.7,55.5692378779,-0.528387,-6.6197251818,7.67962,7.70244,8.12944,9.04781,10.651,12.2571,13.2991,14.6524,16.4517,18.9189,22.4576,27.8859,37.1475,54.0834,72.7215,4.27851,3.04652,2.56174,2.37588
0,0,-0.7,55.4681542827,-0.522594,-6.174536975,7.64566,7.67995,8.11881,9.05223,10.6777,12.3057,13.398,14.8268,16.7394,19.388,23.2423,29.2875,39.9941,56.9135,27.1101,4.27703,3.06395,2.58447,2.40273
0,0,-0.7,55.3815024416,-0.517042,-5.7692839265,7.61367,7.65835,8.10797,9.05509,10.7009,12.358,13.505,15.0128,17.0455,19.89,24.094,30.8493,43.3265,59.2268,18.5506,4.27881,3.08164,2.60668,2.42866
0,0,-0.7,55.2831740473,-0.511698,-5.4191666066,7.58354,7.63714,8.09597,9.05482,10.7182,12.4131,13.6156,15.2042,17.3621,20.4148,25.0009,32.5642,47.2034,61.1618,15.1586,4.28595,3.10046,2.62884,2.45389
0,0,-0.7,55.1720923788,-0.506637,-5.1008197965,7.55533,7.61701,8.08418,9.05369,10.7332,12.476,13.736,15.4096,17.701,20.9805,25.9943,34.5021,51.0599,62.8547,13.2952,4.29447,3.11882,2.65007,2.4779
0,0,-0.7,55.0480106033,-0.501931,-4.7915486379,7.52915,7.59866,8.07398,9.05396,10.7492,12.5523,13.8737,15.6392,18.0771,21.6104,27.1168,36.7644,53.8878,64.3923,12.0659,4.30066,3.13523,2.66955,2.50023
0,0,-0.7,54.9147884332,-0.497636,-4.4684577372,7.5051,7.58278,8.06674,9.05795,10.7701,12.6485,14.0375,15.9053,18.5088,22.3348,28.4274,39.5044,56.2589,65.8363,11.1435,4.30113,3.14826,2.68653,2.52049
0,0,-0.7,54.77920631,-0.493777,-4.1098148053,7.48317,7.56993,8.06368,9.06774,10.8024,12.7719,14.2374,16.2223,19.0186,23.1928,30.0072,42.9551,58.396,67.2308,10.3847,4.29316,3.15686,2.70051,2.53851
0,0,-0.7,54.6474947952,-0.490327,-3.6976289675,7.46318,7.56038,8.06562,9.08493,10.8563,12.9298,14.4839,16.6061,19.6322,24.2324,31.9659,47.4479,60.4034,68.6039,9.72252,4.27521,3.16048,2.71135,2.55439
0,0,-0.7,54.5248044117,-0.487224,-3.2232313723,7.44488,7.55412,8.07282,9.11016,10.9348,13.1283,14.786,17.0715,20.3762,25.5082,34.4458,51.3588,62.3261,69.9637,9.12919,4.24744,3.15931,2.71931,2.56849
0,0,-0.7,54.4038315198,-0.484403,-2.6891373044,7.4281,7.55092,8.08502,9.14313,11.0398,13.3715,15.1508,17.6311,21.2761,27.0808,37.6351,54.4524,64.1736,42.4821,8.59561,4.21149,3.15406,2.72487,2.58121
0,0,-0.7,54.2854710918,-0.481824,-2.1149934866,7.41288,7.55033,8.10119,9.1821,11.17,13.6589,15.5794,18.2901,22.3489,29.0066,41.7665,57.1178,65.9244,28.7618,8.12356,4.17064,3.14603,2.72869,2.59289
0,0,-0.7,54.1575614558,-0.479532,-1.5583019633,7.3997,7.55134,8.11864,9.22203,11.3169,13.9769,16.0543,19.0272,23.5716,31.2805,46.8784,59.4063,67.5081,22.2375,7.72782,4.13108,3.13743,2.73157,2.60344
0,0,-0.7,54.0326085051,-0.477584,-1.0567748165,7.38886,7.55331,8.13555,9.26032,11.4739,14.3143,16.5614,19.8242,24.9244,33.9054,50.6906,61.3573,68.8972,18.5063,7.40358,4.09595,3.12936,2.73378,2.61259
0,0,-0.7,53.9222097005,-0.475956,-0.6360118005,7.38012,7.55533,8.1502,9.30098,11.6346,14.6605,17.086,20.6617,26.3841,36.8786,53.4219,63.0024,70.085,16.1415,7.14215,4.06752,3.12286,2.73577,2.62041
0,0,0,53.7912979683,-0.4747,-0.282861815,7.37357,7.55783,8.16339,9.34657,11.8011,15.0188,17.6336,21.5493,27.9741,40.2944,55.5998,64.4161,32.9692,14.4935,6.92225,4.04346,3.11694,2.73699,2.62654
0,0,0,53.6751774627,-0.473862,0.0259993351,7.36931,7.56152,8.17654,9.39948,11.9783,15.3988,18.2182,22.5111,29.7469,44.3352,57.4452,65.6663,26.3996,13.2485,6.72599,4.02079,3.11035,2.73679,2.63069
0,0,0,53.6663234175,-0.473182,0.2048685081,7.36594,7.56273,8.18321,9.44763,12.1417,15.7557,18.7752,23.4472,31.5341,47.5761,58.8851,66.6569,22.6401,12.3712,6.57719,4.00953,3.10778,2.73773,2.63411
0,0,0,53.6706632924,-0.471953,0.0157540475,7.35976,7.55154,8.16577,9.45589,12.2178,15.9506,19.0973,24.0185,32.6916,49.0211,59.5849,67.1033,21.0331,11.9963,6.54372,4.0375,3.1223,2.74692,2.64024
0,0,0,53.6686928978,-0.470229,-0.4397101573,7.35131,7.53115,8.13112,9.43415,12.2268,16.0173,19.2293,24.2836,33.2862,49.5958,59.8004,67.1825,20.4404,11.9088,6.58374,4.08989,3.15022,2.7628,2.64894
0,0,0,53.6681396171,-0.468128,-1.0359879077,7.34154,7.50584,8.09022,9.39769,12.201,16.0158,19.258,24.3787,33.5571,49.7712,59.7723,67.0746,20.2797,11.9522,6.65726,4.1515,3.18673,2.78322,2.65985
0,0,0,53.6709040697,-0.465627,-1.7113275312,7.33058,7.47737,8.04695,9.35386,12.1567,15.9765,19.2289,24.3768,33.6385,49.7386,59.6116,66.8637,20.3325,12.0617,6.74711,4.21691,3.23011,2.8076,2.67323
1,0,0,53.6775480135,-0.462646,-2.4310943022,7.31816,7.44637,8.00288,9.30644,12.1026,15.9167,19.1678,24.3203,33.6114,49.5938,59.3774,66.5953,20.4965,12.2055,6.84486,4.28366,3.27991,2.83601,2.68953
1,0,0,53.7393680364,-0.459096,-3.1750112442,7.30387,7.41298,7.95867,9.25745,12.0436,15.8464,19.0899,24.2349,33.5257,49.3899,59.1039,66.2959,20.717,12.3663,6.94612,4.35066,3.33255,2.86873,2.70927
1,0,0,53.745817512,-0.454939,-3.941875146,7.28761,7.37712,7.91421,9.20678,11.9798,15.7655,18.9955,24.1209,33.3821,49.13,58.7924,65.9665,20.9946,12.5451,7.05146,4.41826,3.38492,2.90611,2.7327
1,0,0,53.7542193741,-0.450121,-4.7220775052,7.2691,7.33879,7.86973,9.15526,11.9131,15.6785,18.8913,23.9898,33.2036,48.8365,58.458,65.6186,21.3073,12.7348,7.15908,4.48603,3.43697,2.94841,2.76012
1,0,0,53.7645894272,-0.444589,-5.5081756001,7.24807,7.29809,7.82536,9.10343,11.8453,15.5886,18.7824,23.8503,33.0079,48.5265,58.1118,65.2613,21.638,12.9297,7.26771,4.55378,3.48875,2.99276,2.79183
1,0,0,53.7731818607,-0.438317,-6.2934830133,7.22431,7.25717,7.7813,9.05191,11.7778,15.4989,18.6736,23.7107,32.8111,48.2148,57.7643,64.9026,21.9695,13.1244,7.37581,4.62108,3.54015,3.03677,2.82799
1,0,0,53.7804618709,-0.431284,-7.0751120374,7.19767,7.21651,7.73757,9.00087,11.711,15.4105,18.5665,23.5738,32.6192,47.9074,57.4194,64.5456,22.2952,13.3165,7.48288,4.68786,3.5912,3.08049,2.86807
1,0,0,53.7873199961,-0.423499,-7.6771760885,7.16807,7.17602,7.6941,8.95021,11.6449,15.3233,18.4612,23.4395,32.4322,47.6043,57.0771,64.1906,22.615,13.5063,7.58904,4.75422,3.64198,3.12402,2.90858
1,0,0,53.7818577063,-0.415493,-7.6777490463,7.13543,7.13566,7.6508,8.89981,11.5792,15.2368,18.3569,23.3069,32.2483,47.3038,56.7365,63.8367,22.9309,13.6945,7.69462,4.8203,3.69258,3.16741,2.94897
1,0,0,54.2211385554,-0.407472,-7.6790668492,7.09959,7.0952,7.60737,8.84922,11.5133,15.1498,18.2519,23.1732,32.0623,47.0009,56.3935,63.4804,23.2498,13.8839,7.80066,4.8866,3.74332,3.21091,2.98945
1,0,0,54.77872402,-0.399377,-7.6840515821,7.06028,7.05432,7.56335,8.79774,11.4458,15.0602,18.1431,23.0337,31.8656,46.6867,56.0412,63.1156,23.5833,14.0792,7.90889,4.95392,3.79472,3.25489,3.03032
1,0,0,54.8601579483,-0.391239,-7.6840515821,7.01923,7.01329,7.51937,8.74658,11.3792,14.9726,18.0376,22.8997,31.6803,46.3822,55.6946,62.7548,23.9029,14.2699,8.01605,5.02104,3.84613,3.29899,3.07138
1,0,0,54.8756144034,-0.3831,-7.6841088778,6.97816,6.97226,7.47537,8.69541,11.3126,14.885,17.9321,22.7657,31.4949,46.0775,55.3478,62.3935,24.2226,14.4608,8.12324,5.08818,3.89756,3.3431,3.11245
1,0,0,54.8913795472,-0.37496,-7.6841088778,6.93709,6.93123,7.43138,8.64423,11.2461,14.7974,17.8265,22.6317,31.3095,45.7729,55.0008,62.0319,24.5422,14.6516,8.23043,5.15532,3.94899,3.38722,3.15352
1,0,0,54.9051868187,-0.366817,-7.6841088778,6.89601,6.89018,7.38737,8.59303,11.1795,14.7097,17.7209,22.4976,31.1241,45.4682,54.6536,61.6699,24.862,14.8425,8.33766,5.22248,4.00043,3.43135,3.1946
1,0,0,54.9167932497,-0.358672,-7.6840515821,6.85492,6.84912,7.34335,8.54183,11.1129,14.6221,17.6154,22.3637,30.9387,45.1636,54.3063,61.3077,25.1816,15.0333,8.44489,5.28965,4.05189,3.47548,3.23569
1,0,0,54.9263157306,-0.350528,-7.6838796947,6.81382,6.80807,7.29934,8.49065,11.0463,14.5345,17.5099,22.2298,30.7537,44.8592,53.959,60.9453,25.5008,15.224,8.55207,5.35681,4.10333,3.51961,3.27678
1,0,0,54.932080331,-0.342384,-7.6837651032,6.77273,6.76701,7.25533,8.43946,10.9797,14.4469,17.4044,22.0959,30.5685,44.5547,53.6114,60.5824,25.8202,15.4148,8.65927,5.42396,4.15478,3.56374,3.31787
1,0,0,55.3214909042,-0.334215,-7.6892082022,6.7316,6.72575,7.2109,8.3875,10.9115,14.3564,17.2946,21.9549,30.3697,44.2372,53.254,60.2112,26.1602,15.613,8.76885,5.49202,4.2067,3.60815,3.35913
1,0,0,55.8226414376,-0.325977,-7.7058812741,6.6903,6.68397,7.16552,8.33386,10.8401,14.2599,17.1759,21.7995,30.1432,43.8929,52.8759,59.8222,26.5441,15.8273,8.88365,5.5621,4.25971,3.65325,3.40083
1,0,0,56.346049565,-0.31766,-7.7317216706,6.64874,6.64167,7.11926,8.27875,10.7658,14.1583,17.0497,21.6322,29.8943,43.5263,52.4804,59.4181,26.9667,16.0559,9.00319,5.63407,4.31378,3.69903,3.443
1,0,0,56.8664838542,-0.309254,-7.7660991383,6.60687,6.59879,7.0721,8.22218,10.6888,14.0519,16.9167,21.4539,29.6249,43.1392,52.0684,58.9995,27.428,16.2987,9.12748,5.70799,4.36895,3.74554,3.4857
1,0,0,57.3792061701,-0.300763,-7.8079823531,6.56468,6.55539,7.02414,8.16432,10.6095,13.9414,16.7778,21.2662,29.3381,42.734,51.6418,58.5679,27.926,16.5548,9.25623,5.78372,4.42516,3.79274,3.5289
1,0,0,57.9092961845,-0.292184,-7.8545065261,6.52211,6.51149,6.97551,8.10549,10.5285,13.8282,16.635,21.0728,29.041,42.3169,51.2049,58.1267,28.4516,16.8211,9.38848,5.86095,4.48228,3.84059,3.5726
1,0,0,58.462011762,-0.28351,-7.8951292338,6.47896,6.46721,6.92669,8.04676,10.4483,13.717,16.4956,20.8853,28.7567,41.9101,50.7735,57.6888,28.9641,17.0836,9.52012,5.93833,4.53971,3.88882,3.61673
1,0,0,59.0385956319,-0.274725,-7.9183913203,6.43498,6.42262,6.87814,7.98923,10.3714,13.6126,16.367,20.7163,28.5093,41.5375,50.3651,57.2686,29.4152,17.3259,9.6465,6.01437,4.59683,3.93717,3.66128
1,0,0,59.6293728095,-0.265819,-7.9193080527,6.39004,6.37773,6.83004,7.93331,10.2987,13.5171,16.252,20.5706,28.3081,41.2086,49.9869,56.872,29.7801,17.5399,9.76534,6.08835,4.65333,3.98555,3.70625
1,0,0,60.213843823,-0.256789,-7.90183284,6.34418,6.33248,6.78216,7.87853,10.2293,13.4284,16.1477,20.4431,28.1436,40.914,49.6323,56.4938,30.0726,17.7304,9.87803,6.16075,4.70945,4.03405,3.75168
1,0,-0.7,60.6129418963,-0.247656,-7.8754194856,6.29768,6.28682,6.73413,7.82401,10.1609,13.3425,16.0479,20.3235,27.9954,40.6338,49.2871,56.1226,30.3299,17.9097,9.98806,6.23266,4.7656,4.08282,3.79754
1,0,-0.7,61.0208949055,-0.238615,-7.7540097288,6.25022,6.24293,6.69112,7.77981,10.1149,13.2991,16.0121,20.3098,28.0527,40.5445,49.083,55.8672,30.1826,17.9479,10.0557,6.28996,4.81495,4.12821,3.84205
1,0,-0.7,61.5977094598,-0.230006,-7.3858843455,6.20148,6.20474,6.66225,7.76382,10.1288,13.3702,16.1485,20.582,28.6722,40.9334,49.2403,55.9116,29.0562,17.6294,10.0123,6.30791,4.84539,4.16375,3.88218
1,0,-0.7,62.1667992549,-0.221968,-6.8057072821,6.15319,6.17286,6.64709,7.77414,10.1983,13.5483,16.4482,21.132,29.8633,41.686,49.6896,56.2019,27.2935,17.0431,9.87725,6.2914,4.85862,4.18996,3.91777
1,0,-0.7,62.6936881743,-0.214595,-6.0778216992,6.1073,6.14736,6.64369,7.80588,10.3127,13.815,16.8865,21.9286,31.6067,42.6406,50.3193,56.648,25.3205,16.3215,9.68451,6.25059,4.85887,4.20861,3.94922
1,0,0,63.1582463391,-0.207966,-5.2642560076,6.06541,6.12809,6.64998,7.85413,10.4613,14.1516,17.4385,22.9415,33.725,43.6664,51.0299,57.168,23.4185,15.5691,9.46427,6.19505,4.85019,4.22146,3.97694
1,0,0,63.6036866948,-0.202096,-4.412067231,6.02835,6.11459,6.66407,7.91469,10.6354,14.5428,18.0843,24.1488,35.5543,44.68,51.7524,57.7035,21.7123,14.8465,9.23723,6.13193,4.83581,4.22998,4.00138
1,0,0,64.1431187313,-0.196813,-3.573595064,5.99572,6.10507,6.68232,7.98082,10.8209,14.9629,18.787,25.4973,37.074,45.6032,52.4178,58.195,20.2713,14.2014,9.0236,6.06951,4.82003,4.2366,4.02376
1,0,0,64.7769281211,-0.191624,-2.8982783588,5.96575,6.09354,6.69302,8.03029,10.9696,15.3127,19.3868,26.6916,38.101,46.2269,52.8448,58.4863,19.2794,13.7447,8.87211,6.02862,4.81385,4.24744,4.04706
1,0,0,65.4174053474,-0.18645,-2.3922133862,5.93743,6.07883,6.69448,8.06007,11.0736,15.5725,19.8462,27.643,38.7248,46.5707,53.0427,30.7288,18.6358,13.4471,8.77774,6.0087,4.81732,4.26263,4.0713
1,0,0,66.0290911069,-0.181437,-1.9754897227,5.9107,6.06317,6.69182,8.08028,11.155,15.7857,20.2327,28.4693,39.1418,46.7669,53.1189,29.3189,18.1606,13.2272,8.71092,5.99846,4.82487,4.27927,4.09525
1,0,0,66.6639719098,-0.176678,-1.597566761,5.88568,6.0481,6.68849,8.09776,11.2289,15.9838,20.5967,29.2653,39.4597,46.8935,53.1381,28.1718,17.7602,13.0401,8.6545,5.99112,4.83312,4.29559,4.11821
1,0,0,67.2995745482,-0.172245,-1.2406484321,5.8626,6.03439,6.68595,8.11522,11.3013,16.1785,20.9575,30.0624,39.717,46.9781,53.1229,27.1779,17.4012,12.8696,8.60216,5.98408,4.84069,4.3108,4.13975
1,0,0,67.9302069804,-0.168176,-0.899738544,5.8416,6.02233,6.68469,8.13354,11.3738,16.3732,21.3206,30.7481,39.9268,47.0294,53.0804,26.2965,17.0722,12.7104,8.55189,5.97647,4.84708,4.32457,4.15963
1,0,0,68.4543011059,-0.164489,-0.5903012276,5.82275,6.01156,6.68378,8.15064,11.4413,16.5559,21.6644,31.2722,40.0692,47.0292,52.9944,25.5519,16.7872,12.5709,8.50737,5.96978,4.85295,4.33713,4.17778
1,0,0,68.8632560839,-0.161093,-0.2360339744,5.80551,6.00368,6.68772,8.17655,11.5288,16.7842,22.0911,31.8204,40.2624,47.0765,52.9512,24.7334,16.4596,12.4045,8.44944,5.95656,4.85502,4.34734,4.19457
1,0,0,69.4947481862,-0.158014,0.2041855424,5.79011,6.00009,6.69962,8.21774,11.6521,17.0965,22.6728,32.4666,40.5608,47.2185,52.992,23.7639,16.0525,12.1897,8.36826,5.93264,4.85126,4.35431,4.20996
1,0,0,70.1296701399,-0.155275,0.6604713688,5.77676,5.99907,6.71512,8.26485,11.7889,17.4426,23.3231,33.0721,40.8575,47.3646,53.0381,22.8318,15.6468,11.9707,8.28244,5.90543,4.8451,4.35944,4.22391
1,0,0,70.7210279409,-0.15291,1.0839387456,5.76558,5.99938,6.73105,8.31101,11.9219,17.7818,23.969,33.5627,41.0856,47.4565,53.0383,22.0313,15.2879,11.7738,8.20358,5.87966,4.8387,4.36352,4.23621
1,0,0,71.281931304,-0.150941,1.4365140544,5.75651,5.9999,6.7447,8.35035,12.0358,18.0764,24.538,33.8933,41.1992,47.4525,52.9552,21.4104,15.0035,11.616,8.13971,5.85872,4.8336,4.36709,4.24663
1,0,0,71.8778540268,-0.149379,1.7165242584,5.74948,6.00048,6.75581,8.38219,12.1285,18.3186,25.0116,34.0793,41.2031,47.3549,52.79,20.9441,14.7864,11.4944,8.0901,5.84241,4.8297,4.37002,4.25501
1,0,0,72.6027966461,-0.148175,1.9503368755,5.7442,6.0016,6.76585,8.40991,12.2085,18.5284,25.4251,34.1732,41.1361,47.1964,52.5711,20.5692,14.6089,11.394,8.04848,5.82833,4.82598,4.37204,4.26159
1,0,0,73.3505775254,-0.147389,2.1946403497,5.74115,6.00535,6.77931,8.44277,12.2987,18.7614,25.8841,34.2667,41.0737,47.0428,52.3565,20.1817,14.4208,11.2853,8.00128,5.81062,4.81953,4.37179,4.26619
1,0,0,74.0905017634,-0.146976,2.4504717348,5.74013,6.01155,6.79605,8.4807,12.3993,19.0193,26.3493,34.3599,41.0162,46.8945,52.1467,19.783,14.2227,11.1686,7.94886,5.78955,4.81059,4.36951,4.26902
1,0,0,74.8117736418,-0.146971,2.7503979519,5.74147,6.02152,6.8188,8.52942,12.5251,19.3396,26.8277,34.4984,41.0031,46.7871,51.9736,19.3252,13.99,11.0291,7.88411,5.76198,4.79758,4.36451,4.27006
1,0,0,75.5068658905,-0.147398,3.1031909846,5.74541,6.03577,6.8486,8.59099,12.6817,19.7386,27.3323,34.6898,41.0424,46.7282,51.8443,18.8042,13.7194,10.8643,7.80559,5.72717,4.78011,4.35659,4.26927
1,0,0,76.1751222775,-0.148276,3.5062553343,5.75215,6.05446,6.88559,8.66573,12.8702,20.2225,27.8561,34.9263,41.1279,46.7129,51.755,18.2342,13.4169,10.6773,7.7145,5.68553,4.75833,4.34577,4.26661
1,0,0,76.5961936958,-0.149563,3.9302154549,5.76136,6.07646,6.92743,8.74887,13.0791,20.7646,28.3536,35.1663,41.2232,46.7088,51.6768,17.663,13.1072,10.4831,7.61791,5.64018,4.73381,4.3328,4.26221
1,0,0,77.1884910693,-0.1513,4.4764676872,5.77411,6.10589,6.98301,8.85942,13.3598,21.5089,28.972,35.5355,41.4419,46.8195,51.7034,16.9752,12.7272,10.2421,7.49645,5.58253,4.70242,4.3161,4.25648
1,0,0,77.809627606,-0.15352,5.0946834185,5.79047,6.14145,7.0491,8.99051,13.6959,22.4226,29.6292,35.9619,41.72,46.9874,24.4969,16.2525,12.3188,9.97936,7.3616,5.51737,4.66635,4.29645,4.24919
1,0,0,78.34811216,-0.156241,5.7073758367,5.81001,6.18047,7.11964,9.12897,14.0526,23.3869,30.2222,36.35,41.97,47.1327,22.7236,15.5834,11.9311,9.72577,7.22835,5.45119,4.62863,4.2749,4.23981
1,0,0,78.6963213187,-0.159588,6.2211757395,5.83229,6.2197,7.18686,9.25722,14.3796,24.1204,30.6452,36.5976,42.0964,47.1671,21.5937,15.0425,11.6089,9.51042,7.11124,5.39023,4.59187,4.25187,4.22695
1,0,0,78.7855051674,-0.163719,6.5926815739,5.85732,6.25774,7.24703,9.36598,14.6466,24.5903,30.8659,36.6686,42.0632,47.0566,20.8079,14.6425,11.3623,9.34091,7.01435,5.33606,4.55638,4.22683,4.20924
1,0,0,78.7852002356,-0.168816,6.8487364125,5.88608,6.29635,7.30308,9.46042,14.8644,24.8728,30.9357,36.6056,41.9079,46.8343,20.2404,14.3384,11.1671,9.20192,6.92995,5.28486,4.51991,4.19834,4.18579
1,0,0,78.7667026248,-0.174896,6.9865327623,5.91843,6.33523,7.35435,9.53887,15.0263,24.9886,30.8639,36.4137,41.6335,46.502,19.8646,14.1214,11.0193,9.09143,6.85727,5.23632,4.48225,4.1662,4.15638
1,0,0,78.7466828085,-0.181867,7.0385000343,5.95421,6.37516,7.40304,9.60662,15.1478,24.9927,30.6959,36.1333,41.2764,46.0927,19.613,13.9606,10.9018,8.99859,6.79116,5.18841,4.44267,4.13048,4.12173
1,0,0,78.7433453265,-0.189661,7.0709294455,5.99389,6.41867,7.45504,9.67699,15.2681,24.9704,30.5098,35.8374,40.9048,45.6692,19.3747,13.8021,10.7828,8.903,6.72142,5.13671,4.39929,4.0908,4.08275
1,0,0,78.7481578089,-0.198127,7.1154482662,6.03713,6.46639,7.51251,9.75558,15.405,24.9566,30.339,35.5579,40.5488,45.26,19.1029,13.6235,10.6498,8.79662,6.64437,5.07997,4.3519,4.04763,4.04048
1,0,0,78.9162246246,-0.207118,7.1841459058,6.08335,6.51809,7.57576,9.84397,15.5648,24.9612,30.1931,35.3046,40.2182,44.8744,18.7838,13.4185,10.4994,8.67768,6.55948,5.01834,4.30093,4.00159,3.99578
1,0,0,79.2899576189,-0.216529,7.2962737463,6.1323,6.57417,7.64619,9.94582,15.7595,24.9997,30.0877,35.0929,39.9278,44.5266,18.3942,13.1759,10.3252,8.54214,6.46496,4.95126,4.24639,3.95303,3.94933
1,0,0,79.7615305069,-0.226327,7.450972351,6.18385,6.63448,7.72369,10.0611,15.9897,25.0673,30.0182,34.9189,39.6747,44.2142,17.942,12.8993,10.1295,8.39144,6.36158,4.87918,4.18858,3.90219,3.90131
1,0,0,80.2353845208,-0.236488,7.5715226711,6.23682,6.69529,7.80027,10.1723,16.2043,25.087,29.907,34.7068,39.3857,43.868,17.5392,12.6453,9.9458,8.24785,6.26085,4.80733,4.12997,3.84987,3.85114
1,0,0,80.6127657956,-0.247004,7.6185052103,6.29055,6.75454,7.87158,10.2698,16.3747,25.0261,29.7199,34.4219,39.0271,43.4555,17.2357,12.4389,9.7895,8.12149,6.16804,4.73814,4.07171,3.79644,3.79851
1,0,0,81.035176774,-0.257839,7.5860757991,6.34473,6.81162,7.93652,10.3514,16.4943,24.8854,29.4559,34.0623,38.5961,42.9737,17.043,12.2818,9.66177,8.0133,6.08376,4.67199,4.01405,3.74209,3.74357
1,0,0,81.5167449034,-0.268956,7.5241963572,6.39988,6.86874,8.00001,10.4282,16.5966,24.7149,29.1646,33.6763,38.1391,42.4661,16.9007,12.1392,9.54183,7.90963,6.00106,4.60581,3.95569,3.68656,3.68697
1,0,0,81.9462417126,-0.280315,7.4808234521,6.45653,6.92805,8.06694,10.5112,16.7143,24.557,28.8896,33.3074,37.6984,41.9736,16.7423,11.9793,9.41074,7.79805,5.91364,4.53688,3.89545,3.62964,3.62932
1,0,0,82.3329045997,-0.291849,7.4544100978,6.5143,6.98914,8.13674,10.5995,16.831,24.4086,28.6278,32.9529,37.2721,41.4943,16.5701,11.8046,9.27024,7.67988,5.82236,4.46575,3.83375,3.57168,3.57093
1,0,0,82.6968509466,-0.303532,7.4483367451,6.57312,7.05203,8.20965,10.6939,16.9409,24.2711,28.3808,32.6149,36.8623,41.0307,16.3768,11.6138,9.11965,7.55473,5.7271,4.39243,3.77067,3.51281,3.51197
1,0,0,83.0918037423,-0.315336,7.4686767469,6.63296,7.11694,8.28625,10.7957,17.048,24.1478,28.1523,32.2972,36.473,40.587,16.1487,11.4041,8.95739,7.42161,5.62743,4.31681,3.70621,3.45311,3.45261
1,0,0,83.5004192207,-0.327257,7.4899334811,6.69339,7.18254,8.36372,10.8988,17.1367,24.0176,27.92,31.9773,36.0821,40.1415,15.9328,11.1923,8.79355,7.2872,5.52677,4.24044,3.64112,3.39282,3.39266
1,0,0,83.9810234603,-0.339294,7.4984705522,6.75423,7.24813,8.44055,10.9998,17.2004,23.8705,27.6733,31.6442,35.6784,39.6834,15.762,10.9868,8.63309,7.15475,5.42683,4.16409,3.57575,3.33205,3.33202
1,0,0,84.4483565475,-0.351446,7.5079243558,6.81566,7.31439,8.51821,11.102,17.2488,23.7174,27.4231,31.309,35.2731,39.2237,15.6175,10.7791,8.47094,7.02094,5.32587,4.08699,3.50975,3.27069,3.27081
1,0,0,84.8775197638,-0.363707,7.5089556799,6.87751,7.38081,8.5956,11.2029,17.2777,23.5518,27.1626,30.9645,34.8589,38.755,15.5366,10.5748,8.31044,6.88798,5.22507,4.00967,3.44337,3.20885,3.20898
1,0,0,85.2986037296,-0.376063,7.5089556799,6.93983,7.44768,8.67349,11.3045,17.2923,23.3794,26.8976,30.6168,34.4419,38.2835,15.5326,10.3694,8.14905,6.75421,5.1236,3.93181,3.3765,3.14654,3.14667
1,0,0,85.7102494283,-0.388507,7.5103307786,7.00261,7.51511,8.75209,11.407,17.2946,23.2017,26.6298,30.2676,34.0239,37.8108,15.6757,10.1618,7.98606,6.6192,5.02125,3.85332,3.30913,3.08377,3.08392
1,0,0,86.1129712036,-0.401031,7.5131382718,7.06581,7.58304,8.83136,11.5107,17.2851,23.019,26.3592,29.9168,33.6047,37.3369,41.0344,9.95216,7.82159,6.48303,4.91811,3.77426,3.24129,3.0206,3.02078
1,0,0,86.4997861128,-0.413631,7.5177219341,7.12943,7.65149,8.91133,11.6154,17.2647,22.8315,26.086,29.5648,33.1848,36.8622,40.5188,9.74034,7.65558,6.34568,4.81415,3.69464,3.173,2.95703,2.95727
1,0,0,86.8820155454,-0.426298,7.5227066669,7.1934,7.72034,8.99178,11.7208,17.2331,22.6384,25.8092,29.2104,32.7631,36.3858,40.001,9.52728,7.48861,6.20755,4.70961,3.61458,3.10435,2.89311,2.89342
1,0,0,87.3160137352,-0.439042,7.5211596809,7.25765,7.78923,9.07193,11.825,17.1876,22.4357,25.5244,28.8489,32.3345,35.9023,39.476,9.31646,7.32275,6.06998,4.60516,3.53436,3.03542,2.82886,2.82913
0,0,3.9563636364,87.7778307041,-0.451869,7.506320074,7.32209,7.85782,9.15098,11.9171,17.1261,22.2199,25.2276,28.4758,31.8944,35.4072,38.9389,9.11088,7.15977,5.93413,4.50137,3.45423,2.96633,2.76427,2.76435
0,0,0.324,87.9121830239,-0.464583,7.4343565749,7.38499,7.92251,9.22223,11.9799,17.0291,21.9659,24.8913,28.0622,31.4127,34.8696,38.3592,8.93748,7.01497,5.8105,4.40417,3.37737,2.89904,2.7006,2.69978
0,0,0.328,87.8905783894,-0.476781,7.203053513,7.44265,7.97527,9.27047,11.9873,16.8545,21.6195,24.456,27.5439,30.8223,34.2211,37.6682,8.87118,6.92289,5.72267,4.32668,3.31072,2.83777,2.6405,2.6369
0,0,0.332,87.8525215739,-0.48834,6.8375637355,7.49501,8.01698,9.2982,11.949,16.619,21.2014,23.9436,26.9434,30.1453,33.4829,36.8858,8.9269,6.87758,5.66669,4.26704,3.25375,2.78259,2.58448,2.57662
0,0,0.336,87.8037910759,-0.499125,6.3560500045,7.54198,8.04825,9.3073,11.8728,16.3354,20.7271,23.3703,26.2772,29.3981,32.6706,36.0267,9.14663,6.87709,5.64115,4.22465,3.20646,2.73387,2.53315,2.51986
0,0,0,87.7457632854,-0.508999,5.7541005449,7.58321,8.06857,9.29722,11.7608,16.0068,20.2001,22.7394,25.548,28.5824,31.785,35.0903,9.66064,6.92834,5.65006,4.20156,3.17005,2.69251,2.48732,2.46744
0,0,0,87.7304286783,-0.517992,5.0671986331,7.61974,8.08052,9.27325,11.6246,15.6521,19.644,22.0765,24.7827,27.7258,30.8535,34.1034,10.9552,7.05276,5.68834,4.19475,3.14299,2.65773,2.44671,2.4195
0,0,0,87.7378593838,-0.526869,4.5939469535,7.65895,8.1036,9.27403,11.5307,15.3783,19.2003,21.5399,24.1551,27.0147,30.0713,33.2661,36.535,7.15595,5.68414,4.16667,3.10669,2.61893,2.40521,2.37328
0,0,0,87.7454592813,-0.535647,4.3034458922,7.69994,8.13561,9.29354,11.4677,15.1659,18.8436,21.1028,23.6374,26.4213,29.4117,32.5532,35.7837,7.2374,5.64303,4.1197,3.06231,2.57658,2.36282,2.32833
0,0,0,87.7525345446,-0.544179,4.1099866927,7.7408,8.1712,9.31529,11.4152,14.9807,18.5291,20.715,23.1753,25.8884,28.8157,31.9051,35.0968,7.33272,5.59968,4.06414,3.01482,2.53337,2.3209,2.28498
0,0,0,87.7567893102,-0.552418,3.9781376448,7.78084,8.20827,9.3341,11.3651,14.8088,18.2381,20.3558,22.7464,25.3922,28.2586,31.297,34.4498,7.46667,5.56689,4.0043,2.96624,2.49037,2.27996,2.24331
0,0,0,87.762261525,-0.560358,3.9068846134,7.81996,8.24673,9.34949,11.3166,14.6483,17.9677,20.0223,22.3475,24.9295,27.7376,30.7265,33.8408,7.65418,5.54668,3.94054,2.91678,2.44768,2.24007,2.20333
0,0,0,87.7767837129,-0.56806,3.8712867456,7.85823,8.28567,9.35913,11.2651,14.4912,17.7072,19.7018,21.9647,24.4855,27.2371,30.1773,33.2534,7.94109,5.547,3.87663,2.86724,2.40553,2.20109,2.16464
0,0,0,87.7783442138,-0.575514,3.8708226498,7.89558,8.32463,9.36282,11.2103,14.3366,17.4551,19.3929,21.5965,24.0585,26.7553,29.6481,32.6863,8.40562,5.57173,3.82333,2.81778,2.36402,2.16311,2.12728
0,0,-20.504,87.7823852051,-0.58278,3.886011761,7.93214,8.35753,9.35905,11.1494,14.1793,17.2039,19.087,21.2331,23.6379,26.2811,29.1269,32.1274,9.41981,5.63073,3.78512,2.7689,2.32326,2.12597,2.0909
0,0,-0.508,87.7680167339,-0.590143,3.98865715,7.97002,8.38745,9.35572,11.0948,14.039,16.9799,18.8139,20.9081,23.2606,25.8543,28.6563,31.621,34.6941,5.70047,3.75249,2.71717,2.28026,2.08772,2.05426
0,0,-0.512,87.7050181477,-0.598187,4.3384994501,8.0139,8.42398,9.36913,11.0729,13.9572,16.8384,18.6367,20.6926,23.0059,25.5615,28.3289,31.2643,34.3149,5.70869,3.70174,2.66007,2.22891,2.04436,2.01484
0,0,-0.516,87.6370384387,-0.60692,4.8564475673,8.06341,8.46286,9.39144,11.07,13.9111,16.7485,18.5201,20.5468,22.8299,25.3557,28.0953,31.0066,34.0378,5.67459,3.64121,2.60224,2.17364,1.99661,1.97248
0,0,-0.52,87.5269866217,-0.616687,5.6041345716,8.11543,8.50804,9.42914,11.0964,13.9163,16.7304,18.487,20.4969,22.7616,25.2686,27.9899,30.8841,33.9005,5.5637,3.56071,2.53904,2.11755,1.94356,1.92577
0,0,-0.524,87.4259045963,-0.627021,5.708309758,8.16617,8.5569,9.47694,11.1424,13.9566,16.7617,18.5117,20.5133,22.7684,25.2645,27.9742,30.8569,33.862,5.4018,3.46774,2.47308,2.06184,1.89158,1.87489
0,0,-0.528,87.3410129791,-0.636746,5.6884968774,8.21471,8.60639,9.52898,11.1981,14.0152,16.8196,18.5677,20.5661,22.8165,25.3065,28.0089,30.8833,33.8796,5.22027,3.37117,2.40768,2.00801,1.84233,1.82592
0,0,-0.532,87.2696132313,-0.645818,5.6792378794,8.26009,8.65294,9.57826,11.2513,14.0719,16.8764,18.6232,20.619,22.8655,25.3503,28.0462,30.9132,33.9015,5.0513,3.28048,2.34635,1.95765,1.79632,1.78027
0,0,0,87.1885107147,-0.654196,5.6925706073,8.30223,8.69684,9.62557,11.3035,14.1294,16.9359,18.6824,20.677,22.921,25.4018,28.0927,30.9535,33.9349,4.89153,3.19495,2.28897,1.91079,1.75372,1.73819
0,0,0,87.0756280375,-0.662085,5.7491731079,8.34241,8.74006,9.6738,11.359,14.194,17.006,18.7545,20.7501,22.9938,25.473,28.1607,31.0171,8.01558,4.73141,3.11067,2.23345,1.86599,1.71338,1.6987
0,0,0,87.0627979182,-0.669291,5.6265887876,8.37718,8.77209,9.7032,11.3845,14.2112,17.0133,18.7552,20.7429,22.9779,25.4478,28.126,30.9732,7.73126,4.63734,3.05029,2.18898,1.82783,1.67744,1.66208
0,0,0,87.0577945092,-0.675273,5.2260397226,8.40293,8.78609,9.70276,11.3626,14.1546,16.9232,18.6452,20.6117,22.8249,25.2737,27.9326,30.7633,8.25368,4.64371,3.02748,2.16237,1.80075,1.64914,1.63086
0,0,-0.552,87.0515354115,-0.680112,4.6793520424,8.42188,8.78852,9.68453,11.314,14.0578,16.7808,18.4763,20.4147,22.5996,25.0212,27.6557,30.4662,33.4056,4.71726,3.0298,2.14855,1.78229,1.62747,1.60513
0,0,-0.556,86.9715874742,-0.684107,4.1150172621,8.43705,8.78653,9.66111,11.2592,13.9537,16.6302,18.2987,20.2086,22.3645,24.7583,27.368,30.1578,33.0819,4.82117,3.0431,2.14117,1.76886,1.61028,1.58381
0,0,-0.56,86.7992698036,-0.687866,3.7169777522,8.45282,8.79035,9.65024,11.227,13.8875,16.5318,18.1814,20.071,22.2063,24.58,27.1713,29.9456,32.8578,4.88133,3.04298,2.12943,1.75408,1.59341,1.56417
0,0,-0.564,86.6236746386,-0.691405,3.4190454284,8.46845,8.79715,9.64633,11.2075,13.8433,16.4638,18.0993,19.9737,22.0933,24.4516,27.0287,29.7906,32.6931,4.91361,3.03521,2.1155,1.73888,1.57709,1.5459
0,0,-0.568,86.4726523593,-0.694649,3.1469878785,8.48294,8.80356,9.64301,11.1901,13.8035,16.4025,18.0252,19.8858,21.991,24.3353,26.8993,29.6499,32.5434,4.94449,3.02791,2.10261,1.7249,1.56212,1.5292
0,0,-0.572,86.3503977153,-0.697454,2.8539142367,8.49525,8.8071,9.63589,11.1676,13.7568,16.3327,17.9417,19.7876,21.8777,24.2071,26.7573,29.4961,32.3803,4.99566,3.02753,2.09355,1.71373,1.54954,1.51472
0,0,-0.576,86.2024199481,-0.699766,2.6076168693,8.5055,8.80997,9.62984,11.1487,13.7177,16.2743,17.8719,19.7055,21.7829,24.0998,26.6385,29.3673,32.2436,5.04226,3.02777,2.08622,1.7046,1.53921,1.50282
0,0,-0.58,86.0205226188,-0.701814,2.4031511505,8.51474,8.8131,9.62562,11.134,13.6864,16.227,17.8152,19.6386,21.7055,24.012,26.5409,29.2613,32.1309,5.07978,3.02659,2.0792,1.69627,1.52999,1.49232
0,0,-0.584,85.8540695193,-0.70369,2.2081908016,8.52324,8.81577,9.62128,11.1196,13.6562,16.1818,17.761,19.5748,21.6316,23.9282,26.4478,29.1602,32.0234,5.11914,3.02635,2.07304,1.68876,1.52159,1.48272
0,0,-0.588,85.7096088402,-0.705196,2.0623501244,8.53016,8.81834,9.61865,11.1096,13.6345,16.1489,17.7214,19.5279,21.5772,23.8663,26.379,29.0852,31.9435,5.14715,3.02503,2.06767,1.68254,1.51478,1.47503
0,0,-0.592,85.576231693,-0.706169,1.9757475537,8.53468,8.82029,9.61755,11.1041,13.6221,16.1299,17.6984,19.5007,21.5455,23.8302,26.3386,29.0411,31.8964,5.16219,3.02335,2.0639,1.67839,1.51032,1.47008
0,0,-0.596,85.3963707105,-0.706688,1.9530125884,8.53719,8.82215,9.61868,11.1042,13.6206,16.1266,17.6941,19.4952,21.5388,23.8222,26.3294,29.0307,31.885,5.15936,3.01994,2.06101,1.67578,1.5078,1.46746
0,0,-0.6,85.1919147561,-0.707066,2.0427893453,8.53944,8.82722,9.62732,11.118,13.6421,16.1553,17.7268,19.5322,21.58,23.8674,26.3782,29.0824,31.9387,5.10835,3.00604,2.05492,1.6721,1.50527,1.46565
0,0,-0.604,85.0085797647,-0.707268,2.1644225556,8.54095,8.83253,9.63738,11.1349,13.6694,16.1921,17.7692,19.5804,21.634,23.927,26.4428,29.1512,32.0104,5.0491,2.99088,2.04894,1.66891,1.50346,1.46477
0,0,0,84.8418104056,-0.707234,2.262501471,8.5412,8.83582,9.64447,11.1474,13.6903,16.2207,17.8022,19.6181,21.6765,23.9741,26.494,29.2058,32.0675,5.00757,2.98097,2.04556,1.6675,1.50302,1.46504
0,0,0,84.7047126043,-0.70685,2.3078854579,8.53948,8.83547,9.64576,11.151,13.6976,16.2316,17.8151,19.6333,21.694,23.9939,26.5159,29.2295,32.0927,4.99766,2.98052,2.04664,1.66895,1.50471,1.46701
0,0,0,84.6388055774,-0.705933,2.3053988211,8.53489,8.83069,9.64062,11.1454,13.6913,16.2249,17.8084,19.6265,21.6874,23.9876,26.51,29.2242,32.0881,5.02108,2.991,2.05331,1.67426,1.50944,1.4716
0,0,0,84.5751886584,-0.704196,2.1268823609,8.52542,8.81549,9.61801,11.1121,13.642,16.1613,17.7367,19.5465,21.5992,23.8918,26.4078,29.1169,31.9777,5.14309,3.02936,2.07244,1.68721,1.5195,1.4801
0,0,0,84.5096482133,-0.70196,1.7381362265,8.51276,8.79057,9.5775,11.0491,13.5452,16.0337,17.5916,19.3831,21.4174,23.6927,26.1934,28.8905,31.7429,5.39224,3.09744,2.10346,1.70672,1.53357,1.49093
0,0,0,84.4586935236,-0.69914,1.2315842398,8.49718,8.7591,9.52595,10.9688,13.4212,15.87,17.4052,19.1727,21.1831,23.4355,25.916,28.5968,31.4378,5.77098,3.18893,2.14409,1.73198,1.55161,1.50467
0,0,0,84.4157342071,-0.695576,0.662436614,8.47831,8.72245,9.46689,10.8776,13.2816,15.6861,17.1959,18.9367,20.9201,23.1468,25.6044,28.2665,31.0943,6.3319,3.30211,2.19395,1.76318,1.57419,1.52223
0,0,0,84.3661735832,-0.691258,0.0306711756,8.45629,8.68081,9.40061,10.7762,13.1269,15.4829,16.9647,18.6759,20.6293,22.8272,25.259,27.9,30.7127,7.33321,3.44037,2.25376,1.80066,1.60148,1.54371
0,0,-0.64,84.3101072193,-0.686361,-0.6589874081,8.43223,8.63548,9.32872,10.6665,12.9602,15.2638,16.7152,18.3942,20.3148,22.4809,24.884,27.5012,30.2965,33.2236,3.60505,2.32277,1.84357,1.63267,1.5683
0,0,-0.644,84.2307005626,-0.680969,-1.3872740615,8.40672,8.58768,9.25324,10.5518,12.7862,15.0353,16.455,18.1001,19.9859,22.1182,24.4904,27.0817,29.8576,32.7731,3.79709,2.40022,1.89133,1.66731,1.59565
0,0,-0.648,84.0948979143,-0.675229,-2.0777798778,8.38033,8.54028,9.17984,10.4416,12.6206,14.8186,16.2085,17.8216,19.6745,21.7746,24.1172,26.6833,29.4404,32.3443,4.00544,2.48162,1.94155,1.704,1.625
0,0,-0.652,83.9457855251,-0.669073,-2.7264311273,8.35257,8.49289,9.10819,10.3358,12.4633,14.6137,15.9758,17.559,19.381,21.4508,23.7653,26.3076,29.0465,31.9391,4.23189,2.56724,1.9945,1.74302,1.65663
0,0,-0.656,83.7901657064,-0.662431,-3.3087968894,8.32273,8.4455,9.03906,10.236,12.3174,14.4254,15.7627,17.3193,19.1136,21.1562,23.4455,25.9663,28.6889,31.5714,4.47346,2.65615,2.04996,1.78446,1.69085
0,0,-0.66,83.6106866328,-0.655382,-3.7519969327,8.29047,8.39988,8.97662,10.1497,12.1956,14.2711,15.5894,17.1257,18.8993,20.9214,23.1921,25.6973,28.4083,31.2842,4.70843,2.74265,2.10532,1.82697,1.72705
0,0,-0.664,83.4356937234,-0.648071,-4.103288816,8.25653,8.35535,8.91851,10.0723,12.0893,14.1387,15.4419,16.9622,18.7194,20.7256,22.982,25.4753,28.1781,31.0497,4.94088,2.82752,2.16057,1.87012,1.76448
0,0,-0.668,83.2872158653,-0.640379,-4.3765209294,8.22025,8.31079,8.86302,10.0011,11.9948,14.0233,15.3147,16.8225,18.567,20.5613,22.8071,25.2922,27.9896,30.8592,5.17289,2.91206,2.21659,1.91462,1.80374
0,0,-0.672,83.1483334729,-0.632166,-4.5824935271,8.18088,8.26514,8.80867,9.93395,11.909,13.9211,15.2032,16.7015,18.4367,20.4224,22.661,25.141,27.8359,30.7057,5.40726,2.9977,2.27439,1.96126,1.84551
0,0,-0.676,83.015754303,-0.623442,-4.7401887011,8.13858,8.21799,8.75435,9.86894,11.8284,13.8271,15.102,16.5929,18.3212,20.3007,22.5346,25.0119,27.7063,30.5782,5.64817,3.08533,2.33431,2.01014,1.88974
0,0,-0.68,82.8080028873,-0.61446,-4.7938748465,8.09407,8.17164,8.70424,9.81279,11.7637,13.756,15.0277,16.516,18.2423,20.221,22.4555,24.9349,27.6332,30.5104,5.86333,3.16798,2.39283,2.05909,1.93499
0,0,-0.684,82.6344674682,-0.605255,-4.7671807428,8.04773,8.12575,8.65721,9.76323,11.7111,13.7021,14.974,16.4632,18.1915,20.1735,22.4128,24.8982,27.6037,30.489,6.05443,3.24647,2.45022,2.10811,1.98112
0,0,-0.688,82.4499733009,-0.595826,-4.6872932375,7.99978,8.07976,8.61175,9.71754,11.6658,13.659,14.9332,16.4258,18.1588,20.147,22.3937,24.8879,27.6029,30.4981,6.22906,3.32259,2.50723,2.15756,2.0282
0,0,0,82.2616433105,-0.586185,-4.5480702228,7.95028,8.03387,8.56827,9.67639,11.6291,13.6284,14.9073,16.406,18.1467,20.1442,22.4016,24.9075,27.6346,30.5418,6.38016,3.39536,2.56343,2.2072,2.07615
0,0,0,82.0958237685,-0.576333,-4.3728597291,7.89948,7.98765,8.52556,9.6375,11.5969,13.6048,14.8899,16.3965,18.1468,20.1555,22.4256,24.9451,27.686,30.6065,6.51693,3.46651,2.61954,2.25736,2.12505
0,0,0,82.0107132746,-0.566167,-4.2119960985,7.84729,7.9396,8.48041,9.59537,11.5604,13.5758,14.8665,16.3803,18.1395,20.1589,22.4412,24.9738,27.7282,30.6619,6.66776,3.54123,2.67793,2.30933,2.17555
0,0,0,81.9757783364,-0.555127,-4.2474851043,7.79228,7.88313,8.42021,9.52884,11.4851,13.4942,14.7821,16.2938,18.0521,20.0721,22.3567,24.8936,27.6542,30.5957,6.95527,3.64129,2.74889,2.36898,2.23104
0,0,0,81.9258047132,-0.543402,-4.515228282,7.73572,7.81862,8.34428,9.43584,11.3666,13.3531,14.6284,16.127,17.8724,19.8806,22.1555,24.6858,27.4434,30.3859,7.44438,3.77056,2.83333,2.43619,2.29075
0,0,-0.7,81.8766348061,-0.531094,-4.956789666,7.6779,7.74811,8.25675,9.32343,11.2166,13.1685,14.4237,15.9009,17.6244,19.6114,21.8673,24.3823,27.1297,30.0678,8.21983,3.92601,2.92946,2.50993,2.35416
0,0,-0.7,81.7959888653,-0.518288,-5.4835842515,7.61873,7.67404,8.1631,9.2013,11.0511,12.9629,14.1945,15.6462,17.3432,19.3041,21.5362,24.0313,26.7644,29.6949,9.60627,4.10116,3.03418,2.58865,2.42071
0,0,-0.7,81.6481041978,-0.505239,-5.9990400024,7.55868,7.59958,8.06965,9.0802,10.8879,12.7605,13.969,15.3957,17.0666,19.0018,21.2101,23.6854,26.4041,29.3267,37.3831,4.28479,3.14219,2.6694,2.48879
0,0,-0.7,81.4393001278,-0.492159,-6.4260654471,7.49784,7.52692,7.981,8.96801,10.7399,12.5794,13.7684,15.1742,16.8234,18.7373,20.9263,23.3856,26.0932,29.0105,37.1491,4.46515,3.24838,2.7494,2.55691
0,0,-0.7,81.2478025758,-0.478871,-6.7769448008,7.43531,7.45476,7.89533,8.86215,10.6034,12.4148,13.5874,14.9756,16.6069,18.5034,20.6768,23.1238,25.8234,28.7378,36.9986,4.64386,3.35394,2.82963,2.62591
0,0,-0.7,81.0378546215,-0.465372,-7.0128315251,7.37043,7.38344,7.81407,8.76554,10.4836,12.2741,13.4349,14.8108,16.4298,18.3149,20.4789,22.9195,25.6164,28.5338,36.9812,4.81357,3.45633,2.90899,2.69547
0,0,-0.7,80.8165527272,-0.451735,-7.1085727726,7.30314,7.31353,7.73845,8.68029,10.3839,12.1625,13.3169,14.6868,16.3006,18.1819,20.3443,22.7858,25.4866,28.4191,37.1389,4.96693,3.55286,2.98616,2.76492
0,0,-0.7,80.6013800076,-0.43805,-7.0964260674,7.23425,7.24489,7.6673,8.60385,10.2998,12.073,13.2254,14.5941,16.2081,18.0916,20.2583,22.7066,25.4166,28.3797,37.4521,5.10545,3.64403,3.06111,2.83391
0,0,-0.7,80.403982125,-0.42433,-7.0330569352,7.16456,7.17678,7.59816,8.53142,10.2228,11.9939,13.1462,14.516,16.1329,18.0213,20.1953,22.6534,25.3751,28.385,37.8672,5.23655,3.73252,3.13498,2.90272
0,0,-0.7,80.2331510254,-0.410524,-6.9677970424,7.09443,7.10826,7.52859,8.45852,10.1453,11.9142,13.0665,14.4375,16.0572,17.9507,20.1322,22.6001,25.3339,28.4044,38.3293,5.36857,3.82143,3.20923,2.97193
0,0,-0.7,80.0744886081,-0.396521,-6.9206999116,7.02355,7.03849,7.45716,8.38286,10.0637,11.8289,12.9803,14.3516,15.9732,17.8707,20.0588,22.5357,25.2808,28.4238,38.8126,5.50624,3.91277,3.28499,3.04225
0,0,-0.7,79.9055706252,-0.382375,-6.9279764756,6.95259,6.96722,7.38261,8.30178,9.97291,11.731,12.8791,14.248,15.8686,17.767,19.9584,22.4415,25.1953,28.4156,39.2615,5.65612,4.00855,3.36299,3.11368
0,0,-0.7,79.7062899249,-0.368209,-6.9751309021,6.882,6.89533,7.30624,8.21724,9.87607,11.6242,12.7674,14.1319,15.7493,17.6462,19.8385,22.3253,25.0859,28.3883,39.6916,5.8153,4.10731,3.44225,3.18552
0,0,-0.7,79.4794675557,-0.354136,-7.0028047636,6.81164,6.82417,7.23118,8.13479,9.7825,11.5218,12.6609,14.0218,15.6369,17.5333,19.7276,22.2193,24.9876,28.3876,40.2017,5.97152,4.20447,3.52056,3.25677
0,0,-0.7,79.2947861191,-0.34013,-6.9664219437,6.74087,6.7542,7.15913,8.05784,9.69837,11.4329,12.5704,13.9307,15.5468,17.4465,19.6467,22.1468,24.9319,28.4522,40.885,6.11525,4.29699,3.59669,3.32717
0,0,-0.7,79.1059548145,-0.325919,-6.915142221,6.6689,6.6834,7.08658,7.9808,9.61481,11.3453,12.4816,13.842,15.4599,17.3637,19.5706,22.0804,24.8938,28.545,41.6713,6.25875,4.3899,3.67348,3.39847
0,0,0,78.8821073625,-0.311644,-6.7531097565,6.59538,6.61375,7.01822,7.91214,9.54635,11.2798,12.4195,13.7853,15.411,17.3255,19.5461,22.0721,24.9371,28.756,42.7846,6.37889,4.47518,3.74723,3.46918
0,0,0,78.6628447071,-0.29737,-6.4607866895,6.52057,6.54592,6.95521,7.85379,9.49628,11.2411,12.3897,13.7672,15.4081,17.3414,19.5839,22.1341,25.0849,29.1215,44.3508,6.46912,4.55055,3.81681,3.5388
0,0,0,78.5488383486,-0.283043,-6.1150639559,6.44515,6.47865,6.89413,7.79934,9.45339,11.2132,12.373,13.7652,15.4245,17.38,19.6482,22.2261,25.297,29.5895,46.2949,6.54655,4.62179,3.88482,3.60827
0,0,0,78.4982791432,-0.268291,-5.9617977457,6.36965,6.40653,6.82264,7.72663,9.37962,11.1414,12.3042,13.7014,15.3684,17.3347,19.6167,22.2113,25.3942,29.9046,47.9743,6.67047,4.70961,3.96087,3.68138
0,0,-0.7,78.4451010293,-0.253154,-6.0205259197,6.29426,6.3294,6.74015,7.63437,9.27238,11.0217,12.178,13.5694,15.2319,17.1958,19.4784,22.0772,25.3446,30.0152,49.2006,6.8478,4.81595,4.04561,3.75807
0,0,-0.7,78.3530694044,-0.237636,-6.1413054229,6.21754,6.24949,6.65311,7.53496,9.15368,10.886,12.0331,13.4153,15.0694,17.0269,19.306,21.9089,25.2521,30.0694,50.3558,7.04744,4.93025,4.13462,3.83721
0,0,-0.7,78.189395903,-0.222036,-6.2799612093,6.14058,6.16899,6.565,7.43377,9.03194,10.7459,11.8828,13.2547,14.8993,16.8489,19.1232,21.7334,25.1512,30.1166,51.5798,7.25715,5.04738,4.22495,3.917
0,0,-0.7,77.9662054871,-0.206576,-6.44245204,6.06456,6.08894,6.47681,7.3317,8.90791,10.6018,11.7274,13.0877,14.7212,16.6613,18.9288,21.5483,25.0381,30.1504,52.8569,7.47709,5.1665,4.31566,3.99638
0,0,-0.7,77.7213870569,-0.191291,-6.5778992628,5.98915,6.0102,6.39073,7.23288,8.7889,10.4646,11.58,12.9299,14.5536,16.4856,18.7479,21.3836,24.9552,30.2352,54.4116,7.69329,5.28309,4.40478,4.07473
0,0,-0.7,77.4803253679,-0.17612,-6.6341064225,5.91353,5.93308,6.30841,7.1408,8.68148,10.344,11.4525,12.7959,14.4143,16.3432,18.6054,21.2719,24.9503,30.4469,56.5616,7.88932,5.39258,4.49061,4.1518
0,0,-0.7,77.2599955467,-0.161014,-6.6078076597,5.8374,5.85735,6.22959,7.05521,8.58548,10.2401,11.3451,12.6861,14.3039,16.2349,18.5025,21.2189,25.034,30.8076,59.5062,8.06159,5.49443,4.57309,4.22775
0,0,-0.7,77.1148117848,-0.145752,-6.6265433796,5.76093,5.78026,6.1482,6.96528,8.48212,10.1256,11.2251,12.5612,14.1756,16.1056,18.3755,21.1449,25.0924,31.1435,62.6944,8.25222,5.60173,4.65816,4.30493
0,0,-0.7,76.8713255841,-0.130541,-6.6235067033,5.6845,5.70368,6.06786,6.87713,8.38174,10.0153,11.1101,12.4423,14.0546,15.9849,18.2585,21.094,25.1901,31.5582,66.6431,8.4375,5.70688,4.74218,4.38165
0,0,-0.7,76.633592195,-0.115512,-6.5726280511,5.60853,5.62861,5.99024,6.79343,8.28865,9.9154,11.0074,12.3382,13.951,15.8848,18.1655,21.0877,25.3604,32.1109,71.8549,8.60562,5.8062,4.82328,4.45694
0,0,-0.7,76.4137916009,-0.100659,-6.504045003,5.53329,5.55462,5.91413,6.71185,8.19871,9.81969,10.9097,12.2399,13.8543,15.7927,18.0851,21.1087,25.58,32.7711,78.564,8.76613,5.90251,4.90265,4.53114
0,0,-0.7,76.2185318863,-0.0859127,-6.450759928,5.45875,5.48098,5.83796,6.62964,8.10713,9.72124,10.8085,12.1372,13.7522,15.6943,18.0058,21.1343,25.8162,33.4903,86.8375,8.93175,5.99957,4.98201,4.60494
0,0,-0.7,76.0256467769,-0.0712048,-6.4062411074,5.38449,5.40741,5.7616,6.54686,8.01431,9.62081,10.7049,12.0316,13.6466,15.5915,17.9302,21.1687,26.077,34.2884,93.3026,9.10137,6.09729,5.06148,4.67864
0,0,-0.7,75.8181376526,-0.0564663,-6.2925662808,5.30948,5.3345,5.68752,6.46863,7.92991,9.53311,10.6169,11.9451,13.5643,15.5169,17.9009,21.2753,26.4657,35.3617,98.749,9.2448,6.18783,5.13813,4.75172
0,0,-0.7,75.5679660397,-0.0418826,-6.1195903225,5.23479,5.26307,5.61628,6.39526,7.85384,9.45756,10.5437,11.8766,13.5038,15.4684,17.9186,21.4577,26.9947,36.7601,103.717,9.36187,6.27065,5.21124,4.82336
0,0,-0.7,75.3053210728,-0.0276369,-5.9007777405,5.16151,5.1939,5.54839,6.32687,7.78555,9.39295,10.4835,11.8238,13.4621,15.4421,17.9825,21.7169,27.6748,38.5417,108.358,9.45482,6.34578,5.28034,4.8928
0,0,-0.7,75.0500818113,-0.0136806,-5.5980039232,5.08915,5.12726,5.48495,6.26584,7.72973,9.34657,10.4456,11.798,13.453,15.4561,18.1222,22.1029,28.6038,40.9638,112.974,9.50863,6.40931,5.34402,4.95993
0,0,-0.7,74.8108603373,7.41005E-05,-5.2092864367,5.01739,5.06278,5.42561,6.21186,7.68622,9.31852,10.4302,11.7999,13.4776,15.5248,18.3499,22.6425,29.8534,44.298,117.599,9.52458,6.46168,5.40274,5.02529
0,0,0,74.584487224,0.0136876,-4.7661723371,4.94625,4.99983,5.36897,6.16243,7.6507,9.30253,10.4297,11.8202,13.5249,15.642,18.6576,23.3336,31.4567,48.8259,122.106,9.51782,6.50688,5.45827,5.08961
0,0,0,74.3831435827,0.0271731,-4.3213622824,4.87607,4.93768,5.31306,6.11375,7.6162,9.28812,10.4312,11.8432,13.5757,15.7874,19.0186,24.1439,33.3988,54.8356,66.0404,9.51001,6.55079,5.513,5.15353
0,0,0,74.220424222,0.0405205,-3.9420699516,4.80721,4.87542,5.25539,6.06098,7.5737,9.26146,10.4177,11.8478,13.6041,15.9268,19.3838,25.0005,35.5815,62.5164,47.7333,9.52569,6.60043,5.56968,5.21752
0,0,0,74.1231013351,0.0537501,-3.6865078567,4.73973,4.81202,5.1936,5.99967,7.51492,9.20983,10.3733,11.8143,13.592,16.0229,19.6951,25.806,37.8321,71.8739,39.5877,9.58498,6.66197,5.63075,5.28199
0,0,0,74.0220347045,0.0669012,-3.5871455159,4.67343,4.74675,5.12625,5.92722,7.43505,9.12573,10.2886,11.7311,13.5281,16.0469,19.9044,26.4687,39.9465,82.5368,35.4396,9.69992,6.73919,5.69776,5.34722
0,0,-0.7,73.9244123988,0.079976,-3.620308313,4.6081,4.67994,5.05431,5.84552,7.33747,9.01414,10.1697,11.6054,13.4173,16.0039,20.0147,26.982,41.8795,89.0974,33.1188,9.86414,6.83006,5.76987,5.41302
0,0,-0.7,73.8094471786,0.0929875,-3.7397299063,4.54348,4.61226,4.97957,5.75806,7.22874,8.88503,10.0287,11.4523,13.2762,15.9167,20.0589,27.3974,43.728,93.1859,31.6657,10.0642,6.93033,5.84546,5.47916
0,0,-0.7,73.6407732996,0.105893,-3.8866592033,4.47952,4.5448,4.90453,5.66946,7.11725,8.75117,9.88159,11.2911,13.1293,15.821,20.0934,27.8171,45.7516,96.4742,30.5513,10.2796,7.0337,5.92189,5.54504
0,0,-0.7,73.4276778602,0.118655,-4.0024482441,4.41614,4.47854,4.83148,5.58405,7.01101,8.62481,9.74343,11.1407,13.0028,15.7564,20.1843,28.374,48.367,99.602,29.4673,10.4839,7.13328,5.99641,5.61002
0,0,-0.7,73.1702015556,0.131238,-4.018536899,4.35318,4.41454,4.76291,5.50654,6.9188,8.51955,9.63133,11.0253,12.9295,15.774,20.4223,29.2705,52.3504,103.015,28.1956,10.6283,7.22045,6.06555,5.6733
0,0,-0.7,72.902663107,0.143477,-3.9725570359,4.29166,4.35308,4.69833,5.43521,6.83673,8.42897,9.53704,10.939,12.8977,15.858,20.7871,30.4995,58.0767,106.467,26.9191,10.7259,7.29796,6.12996,5.73432
0,0,-0.7,72.6470826475,0.155369,-3.8687657313,4.23163,4.29412,4.63752,5.36969,6.76412,8.3521,9.45944,10.8824,12.9093,16.014,21.2981,32.1522,66.6,109.941,25.6714,10.7823,7.36609,6.18974,5.7931
0,0,-0.7,72.4093144163,0.167012,-3.6926041276,4.17257,4.23732,4.58042,5.31027,6.70205,8.291,9.40132,10.862,12.9756,16.264,22.0095,34.4369,80.1485,113.505,24.4356,10.797,7.42353,6.24469,5.85005
0,0,-0.7,72.1806906982,0.17847,-3.4567116738,4.11425,4.18223,4.52623,5.25571,6.64843,8.24273,9.36081,10.8763,13.0962,16.6135,22.9528,37.5774,89.2847,117.096,23.2557,10.7799,7.47222,6.29576,5.90563
0,0,-0.7,71.9547344142,0.189747,-3.1792454024,4.05678,4.1286,4.47433,5.20477,6.601,8.20382,9.34134,10.9223,13.269,17.0655,24.1627,41.9123,95.7184,120.639,22.1646,10.7411,7.51442,6.34386,5.9601
0,0,-0.7,71.7324210854,0.200778,-2.8853295126,4.0006,4.07644,4.42421,5.15619,6.55711,8.16994,9.33946,10.9947,13.4879,17.6167,25.67,47.9591,101.101,69.8788,21.1878,10.691,7.5528,6.38983,6.01335
0,0,-0.7,71.4819907757,0.211486,-2.6062761481,3.94619,4.02572,4.37525,5.10839,6.51338,8.13634,9.34858,11.0844,13.7403,18.2526,27.4894,56.5228,105.74,58.1204,20.3441,10.64,7.59065,6.43473,6.06523
0,0,-0.7,71.246808526,0.221858,-2.3082578805,3.89352,3.97698,4.32866,5.06372,6.47425,8.11724,9.37973,11.2083,14.0552,19.0351,29.8319,70.162,110.031,49.9387,19.5664,10.5777,7.6239,6.47695,6.11547
0,0,-0.7,71.0067387808,0.231924,-2.0057361647,3.84247,3.92985,4.2838,5.02103,6.43771,8.11196,9.43031,11.3636,14.4322,19.9793,32.859,84.6441,114.003,43.9828,18.861,10.5099,7.65451,6.51736,6.16433
0,0,-0.7,70.7563960491,0.241654,-1.6935429213,3.79321,3.8846,4.24104,4.98092,6.4047,8.12306,9.5044,11.5578,14.8874,21.1377,36.9186,92.0768,117.744,39.4139,18.2107,10.4353,7.68175,6.55558,6.21166
0,0,-0.7,70.5120475949,0.25103,-1.3856926979,3.74583,3.8411,4.19998,4.94254,6.37359,8.14876,9.59988,11.789,15.4234,22.5455,42.4896,97.8264,76.4535,35.8387,17.6193,10.3582,7.70718,6.59215,6.25744
0,0,-0.7,70.2623470717,0.260029,-1.0994257948,3.70046,3.79922,4.16017,4.90492,6.34379,8.18612,9.71293,12.0526,16.0379,24.2364,50.3667,102.652,63.3512,33.0101,17.0908,10.2828,7.73033,6.62772,6.3016
0,0,-0.7,70.0057857296,0.268614,-0.8379908824,3.65728,3.75909,4.1217,4.86807,6.32121,8.23543,9.84418,12.3509,16.7412,26.2844,62.2348,106.86,54.61,30.7206,16.6164,10.2093,7.74933,6.66219,6.34392
0,0,-0.7,69.7759413741,0.276964,-0.4904724991,3.6153,3.72145,4.08747,4.83842,6.32113,8.32619,10.0392,12.762,17.6963,29.2135,80.2892,111.107,47.6034,28.5777,16.1135,10.1129,7.75382,6.69187,6.38511
0,0,-0.7,69.5231707277,0.285027,-0.0892398955,3.57487,3.68613,4.0567,4.81419,6.34123,8.45531,10.2958,13.2897,18.9421,33.4036,89.2376,115.262,42.0526,26.6489,15.6113,10.0033,7.74797,6.71801,6.42514
0,0,-0.7,69.2663983355,0.292703,0.2990157871,3.53653,3.65266,4.02761,4.79152,6.37381,8.60854,10.5939,13.9071,20.4623,39.2727,95.6318,119.087,37.8027,25.0158,15.1505,9.89532,7.73848,6.74288,6.46362
0,0,-0.7,69.0111041703,0.299975,0.6589415714,3.50034,3.62087,3.99974,4.77195,6.41729,8.78342,10.9313,14.617,22.3084,47.8522,100.866,64.6724,34.4857,23.634,14.7328,9.79164,7.72675,6.76699,6.50042
0,0,0,68.7517251817,0.306833,0.9942192844,3.46631,3.59085,3.97329,4.76029,6.47295,8.98322,11.315,15.4402,24.5939,61.5558,105.4,55.33,31.8116,22.4428,14.3497,9.69069,7.71228,6.79009,6.5354
0,0,0,68.4998244213,0.313262,1.316496585,3.43451,3.56287,3.94876,4.7578,6.54366,9.21498,11.7587,16.4147,27.5219,79.3497,109.483,48.5314,29.5794,21.3894,13.9902,9.5897,7.69396,6.8116,6.5685
0,0,0,68.3156915944,0.319269,1.6301107638,3.4049,3.53695,3.92747,4.7651,6.63129,9.48426,12.2753,17.5835,31.4015,87.3532,113.236,43.3281,27.6742,20.4437,13.6494,9.4877,7.67148,6.82954,6.59972
0,0,0,68.2147759124,0.324981,1.8963241441,3.37677,3.51181,3.9116,4.77853,6.72822,9.77649,12.844,18.9263,36.4786,93.0131,116.568,39.3644,26.0932,19.626,13.3415,9.3918,7.64868,6.84475,6.6295
0,0,0,68.1712201837,0.330664,2.0399188267,3.3486,3.48483,3.89695,4.78984,6.81604,10.0512,13.3955,20.3066,42.6193,97.1711,69.5417,36.5125,24.8834,18.9821,13.0935,9.31486,7.63237,6.86071,6.65866
0,0,0,68.1462058115,0.336688,1.9458276976,3.31829,3.45527,3.87634,4.78568,6.86348,10.2341,13.791,21.3868,48.4295,99.7226,63.1818,34.7926,24.1327,18.5812,12.9435,9.27517,7.63222,6.88216,6.68833
0,0,0,68.1260895592,0.34306,1.6180614613,3.28589,3.42459,3.8494,4.76527,6.86708,10.3106,13.9921,22.0236,52.6384,100.977,60.0352,33.9085,23.7525,18.3857,12.8805,9.26941,7.64673,6.90819,6.7187
0,0,0,68.1099112694,0.349543,1.5299520116,3.25345,3.3925,3.81559,4.72733,6.82251,10.2658,13.9621,22.0805,53.7331,101.008,59.3349,33.7588,23.7164,18.3868,12.9033,9.29778,7.676,6.93858,6.75012
0,0,0,68.1001169088,0.355481,1.3852629796,3.22354,3.35902,3.77492,4.67174,6.72891,10.0958,13.6903,21.5141,51.114,99.8199,60.9406,34.3325,24.0253,18.5867,13.0137,9.36113,7.72037,6.97335,6.77939
0,0,0,68.091856912,0.360784,1.0228499854,3.19659,3.32526,3.72955,4.60284,6.5972,9.82832,13.2324,20.4824,46.0806,97.5417,64.8455,35.5853,24.65,18.9661,13.2018,9.45492,7.77757,7.01151,6.805
0,0,0,68.0313098764,0.36508,0.6360690963,3.1748,3.2966,3.68959,4.54025,6.47408,9.57453,12.7967,19.5114,41.7209,95.0886,69.5216,36.98,25.3237,19.3666,13.3941,9.54718,7.83158,7.04565,6.82582
0,0,0,68.0519517791,0.368507,0.3510071233,3.15752,3.27429,3.65894,4.49294,6.38278,9.39004,12.4852,18.838,38.9564,93.1235,115.328,38.0822,25.8471,19.6754,13.5416,9.61806,7.87338,7.07244,6.84266
0,0,0,68.0941703244,0.371417,0.2674601365,3.14295,3.2579,3.63897,4.46565,6.33714,9.30876,12.3587,18.5917,38.0939,92.2357,114.542,38.4703,26.0404,19.7951,13.6043,9.65243,7.89668,7.09019,6.85716
0,0,0,68.1425090698,0.373906,0.3506243875,3.13053,3.24629,3.62764,4.4545,6.32814,9.30959,12.3781,18.6762,38.6202,92.2615,114.394,38.2338,25.9497,19.7534,13.5952,9.65607,7.90447,7.10035,6.86966
0,0,0,68.194406947,0.376056,0.5672236335,3.11987,3.23852,3.62323,4.45628,6.34861,9.37696,12.5167,19.0354,40.3641,92.9923,73.2257,37.5174,25.6374,19.5849,13.5292,9.63527,7.8999,7.10449,6.88062
0,0,0,68.2477296655,0.377931,0.8915509771,3.11072,3.23394,3.62452,4.46877,6.39378,9.50139,12.76,19.648,43.4136,94.2423,67.1208,36.4627,25.1615,19.3204,13.4193,9.5953,7.8856,7.10393,6.89049
0,0,0,68.2695589543,0.379467,1.2672107555,3.10342,3.23206,3.62988,4.48819,6.45413,9.66096,13.0697,20.4356,47.6575,95.6863,63.1824,35.3013,24.623,19.0157,13.2889,9.54554,7.86585,7.10031,6.89902
0,0,0,68.3163307662,0.380426,1.5549501602,3.09901,3.23184,3.63541,4.50496,6.50382,9.79116,13.3235,21.0939,51.5528,96.6512,60.4622,34.4576,24.2235,18.7868,13.1892,9.50662,7.8498,7.09662,6.90467
0,0,0,68.3847719476,0.380941,1.6618010594,3.0966,3.23095,3.63656,4.5101,6.52088,9.83804,13.4171,21.3445,53.1568,96.7403,59.5189,34.159,24.0815,18.7055,13.1542,9.49341,7.84482,7.09612,6.90761
0,0,0,68.4628285164,0.381075,1.6030900742,3.09584,3.22926,3.63347,4.50423,6.5071,9.80559,13.3564,21.1918,52.2277,96.0548,60.0516,34.3328,24.1666,18.7557,13.1774,9.50353,7.84993,7.09854,6.90808
0,0,0,68.5529085216,0.380947,1.4310766849,3.09623,3.22706,3.62754,4.49093,6.47253,9.71993,13.193,20.7737,49.7238,94.8377,61.6451,34.8391,24.4103,18.8973,13.2408,9.52974,7.86199,7.10299,6.90689
0,0,0,68.6532438639,0.38068,1.2016414654,3.09728,3.22467,3.62028,4.47406,6.4281,9.60965,12.9833,20.2448,46.7444,93.3394,63.9039,35.5365,24.7417,19.0886,13.3257,9.56441,7.87771,7.10854,6.90492
0,0,0,68.7611874027,0.380371,0.9574984193,3.09858,3.22231,3.61279,4.45653,6.3819,9.49567,12.7684,19.7124,43.9476,91.7544,66.886,36.3101,25.1046,19.2964,13.4172,9.60159,7.89451,7.11446,6.90282
0,0,0,68.8749189906,0.380084,0.7259547152,3.09983,3.22011,3.60575,4.44008,6.33877,9.3902,12.5713,19.2333,41.5901,90.213,111.281,37.0768,25.4594,19.4983,13.5055,9.63734,7.91069,7.12024,6.90097
0,0,0,69.0334488482,0.37982,0.5256687235,3.10103,3.21834,3.59983,4.42613,6.30222,9.30128,12.4063,18.8384,39.7488,88.8123,110.096,37.7669,25.7746,19.6765,13.5829,9.6685,7.92475,7.12526,6.89939
0,0,0,69.2002347191,0.379484,0.3558973181,3.10264,3.21744,3.59551,4.41522,6.27277,9.22902,12.2722,18.5198,38.3195,87.557,109.021,38.3697,26.0463,19.8287,13.6483,9.6944,7.93615,7.12901,6.89755
0,0,0,69.3168323409,0.379071,0.2230364268,3.10467,3.21754,3.59304,4.40782,6.25148,9.17558,12.1724,18.2827,37.2809,86.4867,108.081,38.8514,26.2603,19.9475,13.6985,9.71377,7.94428,7.13121,6.89541
0,0,0,69.4592345354,0.378588,0.1166221215,3.10706,3.21842,3.59195,4.40302,6.23611,9.13554,12.0967,18.1018,36.4987,85.5524,107.24,39.242,26.4316,20.0416,13.7375,9.72831,7.94996,7.13222,6.89296
0,0,0,69.6015535562,0.378077,0.0191418324,3.10962,3.2196,3.59137,4.39913,6.22283,9.10026,12.0296,17.9416,35.8156,84.6635,106.431,39.6051,26.5893,20.1277,13.7728,9.74122,7.9548,7.13281,6.89039
1,0,0,69.7421665628,0.377565,-0.0798685978,3.11218,3.22076,3.59074,4.39516,6.20937,9.06469,11.9623,17.7818,35.1482,83.765,105.616,39.9815,26.7517,20.2161,13.809,9.75446,7.95979,7.13347,6.88783
1,0,0,69.9224710877,0.37707,-0.1840151362,3.11467,3.22177,3.58985,4.3907,6.19487,9.02702,11.8916,17.6158,34.4714,82.8369,104.78,40.387,26.9258,20.3107,13.8478,9.76878,7.96533,7.13441,6.88539
1,0,0,70.1366941221,0.376607,-0.2736274542,3.117,3.22283,3.5893,4.38715,6.18286,8.99547,11.8323,17.4767,33.9124,81.9847,103.998,40.7418,27.0769,20.3925,13.8811,9.78091,7.96991,7.13506,6.88312
1,0,0,70.3335219084,0.376221,-0.3258370874,3.11895,3.22406,3.58966,4.38591,6.17705,8.9789,11.8002,17.4001,33.6017,81.333,103.356,40.948,27.1635,20.4387,13.8993,9.78717,7.97192,7.13483,6.88122
1,0,0,70.5288520658,0.375917,-0.3374486501,3.12047,3.22546,3.591,4.38717,6.17792,8.97836,11.7973,17.3892,33.5452,80.8997,102.866,40.9877,27.1785,20.4458,13.9012,9.78701,7.9711,7.13365,6.8797
1,0,0,70.7152697336,0.375682,-0.315728393,3.12164,3.22699,3.59312,4.39047,6.18425,8.99093,11.818,17.432,33.6945,80.644,102.5,40.8897,27.1346,20.4206,13.8896,9.7816,7.96798,7.13169,6.87852
1,0,0,70.8274494194,0.375561,-0.293735408,3.12223,3.22794,3.59461,4.39298,6.18951,9.00201,11.8369,17.4722,33.8406,80.3854,102.133,40.7943,27.0925,20.3969,13.879,9.77694,7.96549,7.13032,6.8779
1,0,0,70.9430113419,0.37557,-0.2838725126,3.12219,3.22804,3.59491,4.39367,6.19125,9.00608,11.8442,17.4886,33.9032,80.0584,101.718,40.7536,27.0749,20.3873,13.8749,9.7753,7.96473,7.13003,6.87793
1,0,0,71.1057973014,0.375663,-0.2817141805,3.12172,3.22759,3.59445,4.39318,6.19073,9.00565,11.8441,17.4896,33.9119,79.6881,101.272,40.7474,27.0729,20.3865,13.875,9.77559,7.9651,7.13043,6.8784
1,0,0,71.2988278983,0.375784,-0.2946641726,3.12112,3.22677,3.59329,4.39135,6.18713,8.9984,11.832,17.4644,33.8226,79.2376,100.769,40.8048,27.0986,20.4012,13.8817,9.77869,7.96686,7.13151,6.87901
1,0,0,71.4892455629,0.375924,-0.3194715263,3.12043,3.22568,3.5916,4.38848,6.18116,8.98586,11.8106,17.419,33.6578,78.7247,100.221,40.9125,27.1461,20.4279,13.8936,9.78396,7.96968,7.13308,6.87973
1,0,0,71.7674345877,0.376076,-0.3604529055,3.11968,3.2243,3.58926,4.38432,6.17211,8.96636,11.777,17.3466,33.3931,78.1276,99.6118,41.0893,27.2234,20.4711,13.9126,9.79212,7.9739,7.13526,6.88051
1,0,0,72.2623237099,0.37625,-0.4038109137,3.11883,3.22276,3.58671,4.37982,6.16243,8.94562,11.7414,17.2703,33.1167,77.5164,98.9911,41.2785,27.306,20.5172,13.9329,9.80088,7.97845,7.13765,6.88142
1,0,0,72.3861633501,0.376502,-0.4307490974,3.11758,3.22107,3.58431,4.37603,6.15501,8.93072,11.7167,17.2192,32.9396,76.9891,98.429,41.4012,27.3604,20.5481,13.947,9.80735,7.98211,7.13988,6.8827
1,0,0,72.5304227399,0.376829,-0.4456391246,3.11595,3.21916,3.58191,4.37261,6.14906,8.91982,11.6995,17.1859,32.8326,76.5234,97.9102,41.4749,27.3943,20.568,13.9567,9.81227,7.98522,7.14209,6.88435
1,0,0,72.7115327301,0.37719,-0.4430436258,3.11414,3.21733,3.57992,4.37027,6.14597,8.91573,11.6946,17.1802,32.8292,76.1472,97.4549,41.4746,27.3967,20.5708,13.9593,9.81439,7.9871,7.14388,6.88616
1,0,0,72.866508047,0.377584,-0.431677862,3.11217,3.21546,3.57806,4.36836,6.14416,8.91483,11.6956,17.1878,32.8768,75.8146,97.0305,41.4377,27.3836,20.5652,13.9584,9.81522,7.98846,7.14553,6.88812
1,0,0,72.9910840975,0.378007,-0.420722336,3.11005,3.21344,3.57602,4.36621,6.14198,8.91335,11.6958,17.194,32.9207,75.4781,96.6032,41.4035,27.3719,20.5605,13.958,9.81633,7.99002,7.14734,6.89022
1,0,0,73.5006773583,0.378451,-0.418564004,3.10783,3.21117,3.57354,4.36326,6.13799,8.90788,11.689,17.1853,32.9103,75.0943,96.1412,41.4075,27.3768,20.5649,13.9615,9.81912,7.99241,7.14957,6.89244
1,0,0,74.1862381896,0.378911,-0.4311587622,3.10553,3.20861,3.57045,4.35908,6.13115,8.89604,11.6711,17.152,32.8099,74.6322,95.6204,41.4754,27.4091,20.5845,13.9716,9.82458,7.99611,7.15239,6.89475
1,0,0,74.9162893434,0.379382,-0.453643918,3.10319,3.20586,3.56695,4.3541,6.12241,8.87994,11.6457,17.1026,32.6502,74.1169,95.0586,41.5863,27.4599,20.6143,13.9861,9.83186,8.00069,7.15561,6.89713
1,0,0,75.3257167471,0.379857,-0.4722495764,3.10082,3.20313,3.56356,4.34937,6.11435,8.86543,11.6231,17.0595,32.5147,73.6187,94.5073,41.6812,27.5038,20.6403,13.9989,9.83849,8.00497,7.15872,6.89952
1,0,0,75.7126945782,0.380318,-0.5226836134,3.09854,3.20002,3.55914,4.34238,6.10068,8.838,11.5777,16.966,32.1947,72.9612,93.8387,41.9149,27.6067,20.6985,14.0254,9.85059,8.0118,7.16286,6.90188
1,0,0,76.2953295544,0.380763,-0.6146175564,3.09636,3.1964,3.55336,4.33244,6.07976,8.79397,11.5029,16.8086,31.6464,72.095,93.0166,42.3354,27.7884,20.7996,14.0699,9.86991,8.02198,7.16837,6.90421
1,0,0,76.9912037272,0.381203,-0.709585311,3.09422,3.19278,3.54753,4.32236,6.05848,8.74918,11.427,16.6495,31.0996,71.211,92.1797,42.7779,27.9781,20.9047,14.1159,9.88982,8.03243,7.17399,6.90655
1,0,0,77.331762298,0.38172,-0.7690067639,3.09168,3.18927,3.54251,4.31439,6.04287,8.71797,11.3755,16.5448,30.7547,70.5034,91.4688,43.067,28.103,20.9747,14.1474,9.90405,8.04039,7.17877,6.90922
1,0,0,77.4521919287,0.382368,-0.7950190478,3.08846,3.18556,3.5379,4.30796,6.03194,8.69841,11.3453,16.4881,30.585,69.9629,90.8777,43.2079,28.1666,21.0119,14.1655,9.91332,8.04634,7.18306,6.91251
1,0,0,77.590049864,0.383128,-0.8061115107,3.08466,3.18149,3.53316,4.30185,6.02256,8.68328,11.3236,16.4511,30.4892,69.4955,90.339,43.2834,28.2036,21.0352,14.1782,9.92075,8.05169,7.1874,6.91632
1,0,0,77.7252874563,0.383973,-0.8115202323,3.08045,3.17705,3.52814,4.29556,6.01336,8.66924,11.3043,16.4205,30.4192,69.0547,89.8192,43.3351,28.2314,21.0537,14.1892,9.92777,8.05706,7.19198,6.92056
1,0,0,77.8560170157,0.384876,-0.8171180299,3.07593,3.17232,3.52277,4.28886,6.00356,8.65431,11.2839,16.388,30.3455,68.6114,89.297,43.3896,28.2607,21.0734,14.201,9.93525,8.06279,7.19688,6.92508
1,0,0,77.9772872566,0.385827,-0.8238388249,3.07118,3.16732,3.5171,4.28174,5.9931,8.63826,11.2618,16.3527,30.2637,68.1613,88.7694,43.4509,28.2933,21.0949,14.2137,9.94327,8.06889,7.20206,6.92985
1,0,0,78.352572128,0.386815,-0.8332926285,3.06625,3.16209,3.51111,4.27416,5.9818,8.62062,11.2371,16.3123,30.1662,67.696,88.2298,43.5264,28.332,21.12,14.2281,9.95205,8.07544,7.20753,6.93481
1,0,0,78.8610096508,0.387841,-0.8414343588,3.06113,3.15669,3.50496,4.26643,5.97038,8.60299,11.2127,16.2729,30.0739,67.2344,87.6911,43.5969,28.3689,21.1443,14.2422,9.96087,8.0821,7.21315,6.93995
1,0,0,79.3451794383,0.388889,-0.8455596549,3.05589,3.15122,3.49882,4.25882,5.95943,8.58663,11.1906,16.2389,30.0013,66.7897,87.1632,43.6494,28.3984,21.1646,14.2548,9.96914,8.08855,7.21875,6.9452
1,0,0,79.8770614645,0.389956,-0.84725561,3.05055,3.1457,3.49266,4.25127,5.94874,8.57098,11.17,16.2081,29.9403,66.354,86.6405,43.6909,28.4236,21.1827,14.2665,9.97709,8.09491,7.22435,6.95054
1,0,0,80.4096468178,0.391037,-0.8441387196,3.04515,3.14017,3.48657,4.24396,5.93874,8.55702,11.1523,16.184,29.9031,65.9384,86.1312,43.7101,28.4395,21.1959,14.2762,9.98429,8.10094,7.22986,6.95594
1,0,0,80.9284779905,0.392125,-0.8373663584,3.0397,3.13465,3.48057,4.23686,5.9293,8.54437,11.137,16.165,29.8842,65.5372,85.631,43.7123,28.4484,21.2052,14.2844,9.99089,8.10671,7.23528,6.96137
1,0,0,81.4336960979,0.393222,-0.8293048423,3.03421,3.12911,3.47456,4.22979,5.91999,8.53211,11.1224,16.1477,29.8714,65.1387,85.1316,43.7086,28.455,21.2133,14.292,9.99731,8.11241,7.24069,6.96684
1,0,0,81.8609669981,0.394333,-0.8246352362,3.02865,3.12344,3.46836,4.22238,5.90996,8.51831,11.1053,16.125,29.8405,64.721,84.6165,43.7214,28.4685,21.2253,14.3013,10.0044,8.11849,7.24629,6.97239
1,0,0,82.2810669886,0.395458,-0.828290707,3.02303,3.11759,3.4618,4.21428,5.89836,8.50107,11.0821,16.0897,29.7665,64.2614,84.0682,43.7739,28.4987,21.2463,14.3145,10.0132,8.12534,7.25227,6.97802
1,0,0,82.7223829392,0.39659,-0.8380195303,3.01737,3.11162,3.45498,4.20569,5.88563,8.48136,11.0548,16.0453,29.6614,63.7714,83.4954,43.8556,28.541,21.2739,14.3305,10.0231,8.13276,7.2585,6.9837
1,0,0,83.1914840996,0.397726,-0.8533747992,3.0117,3.10555,3.44797,4.19668,5.87192,8.45944,11.0235,15.9927,29.5282,63.2536,82.8995,43.9643,28.5946,21.3077,14.349,10.034,8.14068,7.26496,6.98941
1,0,0,83.7082476783,0.398859,-0.8725803445,3.00605,3.09945,3.44084,4.18743,5.85759,8.4361,10.9898,15.9348,29.3766,62.7166,82.2871,44.0917,28.6558,21.3455,14.3693,10.0456,8.14891,7.27154,6.99511
1,0,0,84.2525708118,0.400008,-0.8884512754,3.00032,3.09331,3.43373,4.1783,5.84368,8.41386,10.9581,15.8814,29.2416,62.1927,81.6825,44.2042,28.711,21.3802,14.3882,10.0567,8.15695,7.27809,7.00088
1,0,0,84.757016971,0.401181,-0.8924447913,2.99446,3.08721,3.42688,4.16985,5.83158,8.39588,10.934,15.8446,29.1648,61.72,81.1152,44.27,28.743,21.4024,14.4021,10.0658,8.16413,7.28433,7.00675
1,0,0,85.2049846654,0.402387,-0.8837243736,2.98842,3.0811,3.42027,4.16206,5.82131,8.38231,10.9179,15.8252,29.149,61.3009,80.5879,44.2958,28.7504,21.4114,14.4106,10.0729,8.17041,7.29029,7.01277
1,0,0,85.6701232629,0.403605,-0.8687300681,2.98232,3.07503,3.4138,4.15463,5.81199,8.37097,10.9056,15.8145,29.1637,60.9061,80.0782,44.3103,28.7454,21.4138,14.4163,10.079,8.17623,7.29607,7.01883
1,0,0,86.1433575498,0.404823,-0.8512949624,2.97621,3.06898,3.4074,4.14737,5.80307,8.36055,10.895,15.8073,29.1905,60.5185,79.573,44.3343,28.7356,21.4136,14.4209,10.0845,8.18184,7.30177,7.02489
1,0,0,86.6192516179,0.406032,-0.8350115019,2.97015,3.06297,3.40102,4.14009,5.79404,8.34979,10.8838,15.7986,29.2122,60.122,79.06,44.3906,28.728,21.4145,14.426,10.0903,8.18749,7.30747,7.03091
1,0,0,87.0048954615,0.407239,-0.8261363856,2.96411,3.05686,3.3944,4.1323,5.78377,8.33622,10.8676,15.7792,29.1971,59.6901,78.5178,44.526,28.735,21.4234,14.4344,10.0973,8.19376,7.31342,7.03693
1,0,0,87.343116094,0.40846,-0.8308632875,2.95801,3.0505,3.38726,4.12346,5.77106,8.31725,10.8421,15.74,29.1135,59.1967,77.9258,44.8033,28.7693,21.447,14.449,10.1069,8.20127,7.31994,7.04304
1,0,0,87.6854910026,0.409682,-0.8456685169,2.95191,3.044,3.37977,4.11391,5.75665,8.29443,10.8098,15.6863,28.98,58.6584,77.2965,45.2407,28.8238,21.4816,14.4683,10.1184,8.20965,7.32682,7.04918
1,0,0,88.0939534125,0.410904,-0.8665700172,2.94582,3.03743,3.37209,4.10394,5.74123,8.26935,10.7736,15.624,28.8173,58.0931,76.6437,45.8764,28.8906,21.5228,14.4903,10.131,8.21856,7.33393,7.05532
1,0,0,88.5900709621,0.412123,-0.888783591,2.93974,3.03084,3.36438,4.09391,5.72563,8.24384,10.7367,15.5603,28.6496,57.5211,75.9833,46.7973,28.9601,21.5655,14.5129,10.1438,8.22757,7.34108,7.06147
1,0,0,89.1836835605,0.41335,-0.9097939533,2.93362,3.02424,3.35667,4.08391,5.71018,8.21874,10.7005,15.4982,28.4885,56.9525,75.3233,48.3961,29.0276,21.6071,14.5351,10.1564,8.23653,7.34823,7.06764
1,0,0,89.5700430881,0.414631,-0.9103669111,2.92722,3.01763,3.34933,4.07496,5.69762,8.20059,10.6767,15.4636,28.4236,56.4654,74.7271,90.4071,29.0551,21.6273,14.5485,10.1657,8.24404,7.35491,7.07405
1,0,0,89.9506795124,0.415951,-0.8927427293,2.9206,3.01106,3.34235,4.06698,5.68769,8.18869,10.6642,15.4534,28.444,56.0492,74.1873,89.8143,29.0466,21.6283,14.554,10.172,8.25021,7.36113,7.08061
1,0,0,90.3530268266,0.417273,-0.8682659723,2.91397,3.00456,3.33558,4.05945,5.67887,8.1793,10.656,15.4527,28.4976,55.6569,73.666,89.2372,29.0244,21.6218,14.5565,10.177,8.25581,7.3671,7.08718
1,0,0,90.79692962,0.418562,-0.8435944097,2.90751,2.99824,3.329,4.05217,5.6704,8.17044,10.6486,15.4532,28.5542,55.2617,73.1416,88.6566,29.0012,21.6147,14.5585,10.1818,8.26119,7.3729,7.09358
1,0,0,91.1897114424,0.419831,-0.8227215572,2.90115,2.99197,3.32241,4.04476,5.66148,8.16042,10.639,15.4489,28.5936,54.8475,72.6009,88.0604,28.9853,21.6113,14.562,10.187,8.26678,7.37873,7.09989
1,0,0,91.5114114194,0.421119,-0.8195531006,2.8947,2.98537,3.31514,4.036,5.64943,8.14349,10.6174,15.419,28.5456,54.3599,71.9983,87.408,29.0052,21.6275,14.5737,10.1957,8.27401,7.38531,7.10632
1,0,0,91.7999070873,0.42241,-0.8308632875,2.88825,2.97857,3.30738,4.02622,5.63496,8.12111,10.5864,15.3688,28.4269,53.8135,71.3454,86.7092,29.0543,21.6595,14.5921,10.207,8.2825,7.39244,7.1128
1,0,0,92.0567199285,0.423703,-0.8520627259,2.8818,2.97162,3.29929,4.01576,5.61887,8.09505,10.5489,15.3048,28.2609,53.228,70.6578,85.978,29.1234,21.7022,14.6151,10.2202,8.29186,7.39993,7.1193
1,0,0,92.380565014,0.424982,-0.8700421415,2.87542,2.96479,3.29139,4.00563,5.60346,8.07045,10.5139,15.2458,28.1121,52.6547,69.9785,85.2531,29.1858,21.7414,14.6364,10.2327,8.30087,7.40724,7.12573
1,0,0,93.035344401,0.426264,-0.8838618835,2.86902,2.958,3.28361,3.99576,5.58871,8.04736,10.4816,15.1928,27.9837,52.0957,69.3094,84.536,29.2401,21.7761,14.656,10.2445,8.30953,7.41441,7.13217
1,0,0,93.4987374686,0.427601,-0.8883194951,2.86234,2.95105,3.27582,3.98616,5.57496,8.02697,10.4543,15.1512,27.8975,51.5679,68.6643,83.8394,29.2766,21.8014,14.6718,10.2549,8.31771,7.42153,7.13886
1,0,0,93.8424513711,0.42898,-0.8717896628,2.85543,2.94415,3.26845,3.97766,5.56421,8.01369,10.4397,15.1374,27.9083,51.1148,68.0822,83.1992,29.2713,21.8043,14.6783,10.2617,8.32431,7.42809,7.14573
1,0,0,94.1720962482,0.430363,-0.8512949624,2.8485,2.93729,3.26119,3.96941,5.55406,8.00179,10.4275,15.129,27.9379,50.6727,67.5087,82.566,29.258,21.8029,14.6831,10.2679,8.33058,7.43452,7.1526
1,0,0,94.6115704581,0.431711,-0.8281016309,2.84174,2.93064,3.2542,3.96157,5.54467,7.99134,10.4177,15.1251,27.9823,50.2374,66.9403,81.9366,29.2387,21.7981,14.6863,10.2733,8.33642,7.44067,7.1593
1,0,0,95.0186453917,0.433033,-0.805509905,2.83511,2.92411,3.24735,3.95387,5.53543,7.98103,10.4079,15.1211,28.0255,49.7961,66.3658,81.3009,29.22,21.7935,14.6895,10.2786,8.34216,7.44671,7.16587
1,0,0,95.3952157876,0.434348,-0.7964629014,2.82853,2.91745,3.2401,3.94531,5.52406,7.96583,10.3896,15.0985,28.004,49.3032,65.7454,80.622,29.2286,21.8036,14.6988,10.2864,8.34902,7.45321,7.17243
1,0,0,95.7596773658,0.435658,-0.7964915493,2.82198,2.91069,3.2326,3.93616,5.51125,7.94736,10.3655,15.0635,27.939,48.7759,65.0935,79.9131,29.2554,21.8235,14.7122,10.2958,8.35665,7.46002,7.17899
1,0,0,96.0117617746,0.436953,-0.799006834,2.81551,2.90398,3.2251,3.92696,5.4982,7.92821,10.3401,15.0255,27.8628,48.2386,64.4313,79.1938,29.2868,21.846,14.7267,10.3055,8.36441,7.46684,7.18547
1,0,0,96.1560528872,0.438221,-0.7957810817,2.80917,2.89748,3.21794,3.91834,5.48635,7.91154,10.3189,14.9961,27.8155,47.7207,63.7854,78.4885,29.3061,21.8617,14.7382,10.314,8.37151,7.47331,7.1918
1,0,0,96.9194499021,0.43947,-0.7894957346,2.80292,2.89112,3.21099,3.91004,5.47516,7.89623,10.2999,14.9713,27.7837,47.2113,63.1457,77.788,29.3202,21.8738,14.7481,10.3218,8.37823,7.47957,7.19803
1,0,0,97.5963353558,0.440718,-0.7803742465,2.79667,2.8848,3.20412,3.90194,5.46443,7.88195,10.2828,14.9505,27.7655,46.7062,62.508,77.0875,29.3425,21.8828,14.7567,10.3291,8.3847,7.48572,7.20426
1,0,0,98.0064064648,0.441972,-0.7664914792,2.79039,2.87851,3.19737,3.89411,5.45439,7.8693,10.2685,14.936,27.7552,46.2134,61.8802,76.3956,29.3731,21.8866,14.7631,10.3355,8.39079,7.49172,7.2105
1,0,0,98.4099711478,0.443201,-0.7462488803,2.78423,2.87242,3.19095,3.88687,5.4456,7.85928,10.2587,14.9308,27.7432,45.7386,61.2678,75.717,29.4086,21.8831,14.7664,10.3405,8.39617,7.49736,7.21662
1,0,-0.7,98.8085881966,0.444409,-0.7256223996,2.77818,2.86645,3.18468,3.8798,5.43708,7.8497,10.2496,14.9267,27.7048,45.2617,60.6527,75.0351,29.4636,21.8789,14.7692,10.3454,8.4014,7.50287,7.22262
1,0,-0.7,99.1826534046,0.445409,-0.6352153891,2.77312,2.86245,3.18176,3.87879,5.44175,7.86839,10.2888,15.025,27.9196,45.0066,60.2421,74.5446,29.3683,21.7957,14.738,10.3358,8.39935,7.50474,7.22749
1,0,-0.7,99.486171027,0.445773,-0.3323120834,2.77118,2.86449,3.18921,3.89644,5.48724,7.97531,10.4802,15.4504,28.8859,45.4178,60.4538,74.6422,28.7719,21.4784,14.6047,10.283,8.37536,7.49565,7.22899
1,0,-0.7,99.636133592,0.445436,0.194240714,2.77284,2.87326,3.20807,3.93472,5.57843,8.18345,10.8507,16.2812,30.5253,46.4966,61.3039,75.3481,27.7192,20.936,14.3701,10.1863,8.32897,7.47538,7.22722
1,0,0,99.8592708171,0.444447,0.9459189423,2.77814,2.88892,3.2388,3.99484,5.71986,8.50873,11.4388,17.6515,32.7511,48.2099,62.7743,76.6505,26.3442,20.2028,14.0448,10.0493,8.2619,7.44509,7.22322
1,0,0,100.3537137875,0.442872,1.8217364984,2.78705,2.91017,3.27841,4.07096,5.89907,8.92906,12.2187,19.5822,35.1946,50.226,64.5565,78.2583,24.9377,19.4081,13.6823,9.89315,8.18435,7.40949,7.21801
1,0,0,100.8789166779,0.440734,2.6909764989,2.79941,2.93513,3.32265,4.15422,6.09501,9.39862,13.117,21.9801,37.4666,52.1553,66.2761,79.8202,23.7054,18.6739,13.3375,9.74095,8.10727,7.37317,7.21163
1,0,0,101.4024097331,0.438128,3.4231420766,2.81438,2.96112,3.36601,4.23336,6.27934,9.847,13.9991,24.3189,39.2177,53.6346,67.5786,35.2205,22.7529,18.0888,13.0545,9.6123,8.04021,7.33996,7.20349
1,0,0,101.8203078237,0.43497,4.0280823758,2.83215,2.98844,3.40888,4.30868,6.45114,10.2671,14.8436,26.0784,40.5254,54.7143,68.5061,32.1555,22.0066,17.6206,12.8214,9.50272,7.98084,7.30844,7.19262
1,0,0,102.1360181882,0.431177,4.595012655,2.85329,3.01896,3.45501,4.38781,6.62943,10.7067,15.7477,27.5881,41.6736,55.6596,69.3111,30.1808,21.3373,17.1933,12.6034,9.39731,7.92195,7.27552,7.17896
1,0,0,102.3864649409,0.42681,5.2129820145,2.87785,3.05403,3.50783,4.4785,6.83596,11.229,16.8599,29.1318,42.9198,56.7192,70.2342,28.4317,20.6478,16.7472,12.3722,9.28395,7.85799,7.23941,7.16368
1,0,0,102.8853720107,0.421901,5.8868548661,2.90582,3.0938,3.56774,4.58188,7.07519,11.8542,18.2499,30.7322,44.2741,57.9025,71.2843,26.8299,19.9412,16.284,12.1284,9.16289,7.78918,7.20039,7.1472
1,0,0,103.4940431028,0.416345,6.5037585241,2.93718,3.1366,3.63051,4.68827,7.31967,12.5043,19.75,32.1039,45.4307,58.903,72.162,25.567,19.3193,15.8692,11.9046,9.04841,7.72199,7.16031,7.1276
1,0,0,104.0333679495,0.409881,7.0359217242,2.97298,3.18313,3.6963,4.79642,7.56265,13.1523,21.0967,33.2012,46.3294,59.6563,72.8025,24.5812,18.789,15.5086,11.7038,8.94144,7.65616,7.11806,7.10289
1,0,0,104.4445856236,0.402292,7.4987570311,3.01432,3.23474,3.76691,4.90908,7.80903,13.8064,22.2152,34.0856,47.0247,60.2131,73.2533,23.7721,18.3228,15.1852,11.5179,8.8379,7.58922,7.07198,7.07194
1,0,0,104.7847632586,0.393593,7.9352935752,3.06135,3.29231,3.84432,5.03062,8.07137,14.5062,23.219,34.8758,47.6364,60.6914,73.6292,23.0369,17.8807,14.8737,11.3342,8.73227,7.51862,7.02127,7.03533
1,0,0,105.073585025,0.383965,8.3919409379,3.11351,3.356,3.92989,5.16515,8.36423,15.3078,24.2126,35.6872,48.2841,61.2113,74.052,22.2996,17.4295,14.5527,11.1424,8.62033,7.44288,6.96611,6.99472
1,0,0,105.5176055547,0.373581,8.8953416567,3.17022,3.42572,4.0243,5.31528,8.69851,16.262,25.253,36.5812,49.0322,61.8382,74.6172,21.5312,16.955,14.2131,10.9379,8.5005,7.3617,6.90708,6.95152
1,0,0,106.0609142042,0.362349,9.3542235549,3.23122,3.49968,4.12324,5.47085,9.04241,17.2199,26.1569,37.3389,49.6477,62.3365,75.091,20.8524,16.5182,13.8956,10.7422,8.38229,7.27923,6.84495,6.90354
1,0,0,106.5307937376,0.350099,9.7100303456,3.29673,3.57703,4.22404,5.62476,9.37074,17.9911,26.8178,37.8319,49.9913,62.5635,75.3033,20.3147,16.1485,13.6206,10.5658,8.27025,7.19708,6.77937,6.84861
1,0,0,106.9152982136,0.33661,10.0000042858,3.36812,3.65985,4.32997,5.78293,9.69812,18.6364,27.3269,38.1617,50.167,62.6221,75.3468,19.8532,15.8134,13.3661,10.397,8.1585,7.11196,6.70858,6.78615
1,0,0,107.2833680414,0.321962,10.2767429008,3.44546,3.74915,4.44364,5.95174,10.0457,19.236,27.7931,38.4538,50.3074,62.646,75.3636,19.4033,15.48,13.1101,10.2243,8.04199,7.02175,6.63233,6.71758
1,0,0,107.6373492672,0.306402,10.550330248,3.52763,3.8439,4.56413,6.13064,10.4151,19.8026,28.2337,38.7284,50.4344,62.6582,31.7647,18.9569,15.1454,12.8508,10.0475,7.9212,6.92732,6.55176,6.64434
1,0,0,108.0990062418,0.290095,10.7905714515,3.61342,3.94221,4.6883,6.31342,10.7881,20.2925,28.5896,38.9161,50.4738,62.5831,30.198,18.5477,14.8293,12.601,9.87373,7.79996,6.83079,6.46792,6.56658
1,0,0,108.6590294867,0.272939,10.9791891576,3.70309,4.04393,4.81531,6.49749,11.1543,20.6864,28.8329,38.9815,50.3855,62.3782,29.3186,18.1897,14.5393,12.3652,9.70546,7.67909,6.73228,6.3804,6.48336
1,0,0,109.0486484421,0.254774,11.1029480414,3.7972,4.14934,4.9449,6.68122,11.5051,20.9746,28.949,38.9045,50.1452,62.017,28.9488,17.8905,14.279,12.1451,9.54326,7.55851,6.63128,6.28841,6.39354
1,0,0,109.3819928554,0.235552,11.2406870953,3.897,4.2614,5.08313,6.87818,11.8848,21.2701,29.0868,38.8596,49.9414,61.6927,28.4308,17.5682,14.0053,11.9116,9.37127,7.43074,6.52434,6.19108,6.29858
1,0,0,109.822985331,0.215467,11.427356745,4.002,4.38042,5.23165,7.09351,12.2906,21.6151,29.3022,38.9146,49.8495,61.4845,27.5546,17.1928,13.7029,11.6554,9.18485,7.2941,6.41123,6.08917,6.20024
1,0,0,110.3052421868,0.194699,11.591852928,4.11034,4.50282,5.3838,7.31295,12.6657,21.9117,29.4655,38.9159,49.7024,61.2204,26.8598,16.838,13.4111,11.4027,8.99867,7.15586,6.29564,5.98408,6.09787
1,0,0,110.7425083476,0.173307,11.6606651592,4.22057,4.62522,5.53272,7.52091,12.9652,22.0679,29.455,38.7171,49.3383,60.7305,26.7675,16.5728,13.1665,11.1775,8.8256,7.02217,6.18044,5.87651,5.99016
1,0,0,111.3013391921,0.151202,11.665649892,4.3335,4.7491,5.6811,7.72304,13.2114,22.1329,29.3346,38.3921,48.8354,60.0942,27.1798,16.3645,12.9511,10.9703,8.65848,6.88948,6.06383,5.76577,5.87741
1,0,0,111.6576735969,0.128371,11.6691449345,4.45012,4.87699,5.83423,7.9315,13.4437,22.1891,29.212,38.0692,48.3349,59.4586,27.8728,16.1535,12.7335,10.7614,8.48619,6.75258,5.94345,5.6514,5.76092
1,0,0,112.0105708972,0.104961,11.7203100656,4.57049,5.01023,5.99569,8.15561,13.69,22.293,29.1622,37.8397,47.9404,58.934,28.4251,15.8951,12.491,10.5369,8.3018,6.6086,5.81842,5.53387,5.64245
1,0,0,112.4266252947,0.0811613,11.8323233146,4.69393,5.14853,6.16588,8.39711,13.9558,22.4539,29.1972,37.7203,47.6724,58.5443,28.1097,15.5804,12.2203,10.2952,8.10523,6.45799,5.68943,5.41408,5.52316
1,0,0,112.9837791248,0.0570033,11.9234808998,4.81895,5.28816,6.33702,8.62846,14.1928,22.5742,29.188,37.5539,47.355,58.1031,28.5443,15.2888,11.9623,10.0622,7.91007,6.30714,5.55941,5.29264,5.40156
1,0,0,113.5199585126,0.0324224,11.9585459169,4.94521,5.42769,6.50578,8.83792,14.3824,22.6175,29.0858,37.2803,46.9187,57.5355,69.4889,15.052,11.7328,9.84761,7.72103,6.15801,5.42904,5.16939,5.27663
1,0,0,113.9384679231,0.00739107,11.9667392133,5.0733,5.56851,6.67495,9.03243,14.5435,22.6208,28.9391,36.9572,46.428,56.9089,68.7402,14.8423,11.517,9.64216,7.53621,6.00815,5.29717,5.04402,5.14885
1,0,0,114.3222042725,-0.0180087,11.9766513832,5.20331,5.7115,6.84648,9.21799,14.6924,22.6163,28.7898,36.6362,45.9415,56.2865,67.9964,14.6344,11.3025,9.43813,7.35314,5.856,5.16332,4.9168,5.01921
1,0,0,114.7417553921,-0.0436592,11.9863343699,5.33461,5.85592,7.01333,9.39337,14.8273,22.6004,28.6334,36.3121,45.4536,55.6626,67.2504,14.4328,11.092,9.23748,7.1731,5.70241,5.02817,4.78833,4.88828
1,0,0,115.2310641873,-0.0695346,11.9856468206,5.46685,6.00107,7.17212,9.5563,14.9429,22.5629,28.456,35.9674,44.9442,55.0153,66.4738,14.2489,10.8909,9.04361,6.9979,5.54817,4.89215,4.65877,4.75601
1,0,0,115.7342648289,-0.0956347,11.9847300881,5.60024,6.14688,7.324,9.70935,15.0452,22.5147,28.2718,35.6192,44.433,54.3659,65.6945,14.0738,10.6947,8.85384,6.82619,5.39418,4.75494,4.5281,4.62259
1,0,0,116.1242216075,-0.121951,11.9827247358,5.73471,6.28853,7.46889,9.8525,15.1345,22.4557,28.0799,35.2667,43.9188,53.7133,64.9107,13.9091,10.5043,8.66866,6.65834,5.24366,4.61663,4.39634,4.48804
1,0,0,116.5192992207,-0.148448,11.9934963424,5.87038,6.42551,7.60815,9.98883,15.2182,22.399,27.8978,34.9312,43.4268,53.0852,64.1591,13.7425,10.314,8.48478,6.49282,5.09617,4.47721,4.26363,4.35278
1,0,0,116.9511071423,-0.175103,11.9940693002,6.00408,6.55647,7.73922,10.1132,15.2843,22.3225,27.696,34.5761,42.9141,52.4347,63.3783,13.599,10.1353,8.30923,6.33322,4.95337,4.34079,4.13017,4.21654
1,0,0,117.3601385604,-0.201883,11.9182669839,6.13217,6.67929,7.85802,10.2177,15.3149,22.1938,27.4318,34.1478,42.3174,51.6907,62.4757,13.5202,9.98646,8.15295,6.18486,4.81768,4.20988,3.99667,4.07895
1,0,0,117.8986505944,-0.228192,11.3664513314,6.2547,6.79417,7.96512,10.3036,15.3142,22.0205,27.1151,33.6578,41.6491,50.866,61.4694,13.5087,9.86659,8.0151,6.04728,4.68896,4.0845,3.86721,3.94023
1,0,0,118.3687803899,-0.253571,10.8487839635,6.37329,6.90542,8.06919,10.3886,15.3218,21.8737,26.8388,33.2227,41.0476,50.1153,60.5598,13.4805,9.73855,7.87363,5.90998,4.56269,3.96273,3.74245,3.80354
1,0,0,118.6794108892,-0.277937,10.378041839,6.48778,7.01331,8.17118,10.475,15.3424,21.7613,26.6131,32.8557,40.5296,49.4591,59.7724,13.4194,9.59723,7.72605,5.7721,4.43876,3.8447,3.62267,3.67333
1,0,0,119.0493194279,-0.301269,9.9598399443,6.59812,7.11806,8.27165,10.5637,15.3778,21.6852,26.4403,32.5602,40.1001,48.904,59.1157,13.315,9.44013,7.57128,5.63339,4.3171,3.73042,3.50784,3.54966
1,0,0,119.5919424116,-0.323606,9.4990672855,6.70274,7.21493,8.36084,10.635,15.3838,21.5664,26.2163,32.2045,39.601,48.271,58.3588,13.2876,9.31425,7.43643,5.50638,4.203,3.6221,3.39832,3.43115
1,0,0,120.1644296412,-0.344954,8.9789934948,6.80149,7.30325,8.43724,10.686,15.3542,21.3942,25.9274,31.7705,39.0097,47.5328,57.4663,13.3723,9.22936,7.32645,5.39319,4.09735,3.52013,3.2942,3.31767
1,0,0,120.6511759655,-0.365279,8.4633314792,6.89541,7.38623,8.5076,10.7301,15.3189,21.221,25.6418,31.3443,38.4298,46.8077,56.5911,13.4961,9.15531,7.2241,5.28589,3.99684,3.42312,3.19527,3.21005
1,0,0,121.0166920397,-0.38453,7.9681240569,6.98457,7.46451,8.57338,10.7706,15.2844,21.0583,25.3744,30.9451,37.8848,46.123,55.7683,13.6428,9.08542,7.12584,5.18306,3.90098,3.331,3.10163,3.1086
1,0,0,121.4133238047,-0.402688,7.495663059,7.06884,7.53807,8.63471,10.8076,15.2513,20.9065,25.1254,30.5734,37.3757,45.4805,55.0003,13.8131,9.01939,7.03165,5.08484,3.80993,3.24386,3.0134,3.01334
1,0,0,121.9671212754,-0.419749,7.0137482575,7.14776,7.60541,8.68847,10.8351,15.206,20.7414,24.8634,30.1887,36.8532,44.8235,54.2136,14.0784,8.97553,6.95145,4.99564,3.72553,3.16253,2.93078,2.92398
1,0,0,122.4292742429,-0.435736,6.5188273141,7.22141,7.66653,8.73453,10.8525,15.1477,20.5616,24.5861,29.788,36.3132,44.1465,53.4015,14.4821,8.95758,6.88681,4.91602,3.64797,3.08704,2.85371,2.84038
1,0,0,122.8910079696,-0.450599,6.0178903138,7.28973,7.7216,8.77349,10.8614,15.0793,20.3721,24.2999,29.3795,35.766,43.4616,52.5794,15.0777,8.96487,6.83708,4.84575,3.57727,3.01752,2.78238,2.76279
1,0,0,123.3911021655,-0.464335,5.5213765477,7.35284,7.77116,8.80644,10.8637,15.0052,20.1802,24.0144,28.9753,35.2261,42.786,51.7696,15.9741,8.99368,6.80004,4.78386,3.51304,2.9538,2.71674,2.69126
1,0,0,123.8007826045,-0.476923,5.025481576,7.41062,7.81497,8.83297,10.8589,14.924,19.9832,23.7259,28.5706,34.6878,42.113,50.9633,17.7273,9.04947,6.77811,4.73138,3.45576,2.89616,2.65696,2.62583
1,0,0,124.2175541081,-0.488346,4.5281885873,7.46298,7.85291,8.85295,10.8467,14.8349,19.7797,23.4326,28.1629,34.1481,41.439,50.156,63.3042,9.13726,6.77321,4.68909,3.40578,2.84477,2.60312,2.56656
1,0,-0.7,124.619603965,-0.498593,4.0167951073,7.50978,7.88444,8.86522,10.8247,14.7334,19.562,23.1241,27.7389,33.5903,40.7441,49.3219,62.2498,9.27125,6.79112,4.65923,3.36401,2.8001,2.55543,2.51341
1,0,-0.7,125.0415813326,-0.507872,3.5711943708,7.55273,7.91408,8.87838,10.8089,14.6506,19.3815,22.8668,27.3834,33.1197,40.1538,48.6228,61.4178,9.39074,6.80253,4.62933,3.32487,2.75905,2.5121,2.46559
1,0,-0.7,125.5137040217,-0.516634,3.3415643457,7.59493,7.95024,8.90827,10.8281,14.6428,19.3302,22.7795,27.248,32.9256,39.8961,48.3589,61.3048,9.35748,6.74656,4.57445,3.27721,2.71538,2.46943,2.42107
1,0,-0.7,125.8255812634,-0.524898,3.2755023119,7.63584,7.9906,8.94994,10.8726,14.6893,19.3728,22.8157,27.2731,32.9341,39.8833,48.4334,61.763,9.20511,6.64044,4.50185,3.22396,2.67038,2.42779,2.37952
1,0,-0.7,126.1929038365,-0.532684,3.3170875887,7.67513,8.03294,8.99856,10.9327,14.7703,19.4754,22.9311,27.4013,33.073,40.0287,48.7524,62.6512,8.98225,6.50518,4.41961,3.16827,2.62544,2.3876,2.34062
1,0,-0.7,126.49887981,-0.540089,3.4867461214,7.71343,8.07872,9.05673,11.0132,14.8946,19.6522,23.1437,27.655,33.3698,40.3646,49.3886,64.115,8.68187,6.33564,4.3251,3.10878,2.5797,2.34827,2.30395
1,0,-0.7,126.6631989382,-0.547236,3.7865634765,7.75156,8.12892,9.12576,11.1159,15.0655,19.9081,23.4594,28.0413,33.8318,40.8983,50.395,66.2821,8.31636,6.13437,4.21832,3.04504,2.53264,2.30926,2.26893
1,0,0,126.9917272268,-0.554182,4.2256668715,7.79015,8.18464,9.20747,11.2441,15.2897,20.2539,23.8916,28.5761,34.4775,41.6655,51.8662,14.4126,7.8982,5.904,4.0994,2.9768,2.48399,2.27032,2.23534
1,0,0,127.2931217199,-0.560818,4.740990842,7.82842,8.24293,9.29598,11.3869,15.5453,20.6536,24.3936,29.1991,35.2307,42.6425,53.7319,12.4578,7.48234,5.66973,3.97846,2.90835,2.43602,2.23265,2.20367
1,0,0,127.6733684545,-0.567283,5.2884119082,7.86681,8.30276,9.38826,11.5378,15.8185,21.0831,24.9335,29.8689,36.0386,43.7943,55.9531,11.14,7.09213,5.44329,3.85981,2.84108,2.38901,2.19597,2.1731
1,0,0,128.1689932947,-0.573391,5.6984147768,7.90238,8.35491,9.46595,11.6617,16.0388,21.4251,25.3604,30.3942,36.6666,44.8081,58.019,10.3319,6.79941,5.26545,3.76219,2.78329,2.34726,2.16229,2.14394
0,0,0,128.4587204198,-0.579027,5.9651781967,7.9341,8.39796,9.52686,11.7551,16.199,21.6681,25.6602,30.7586,37.0973,45.6277,59.8192,9.82305,6.58943,5.13203,3.68503,2.73526,2.31116,2.13207,2.11665
0,0,0,128.6737182098,-0.584365,6.0930050808,7.96261,8.43264,9.57179,11.8187,16.2996,21.8124,25.8333,30.9632,37.3334,46.2214,61.2759,9.51451,6.44559,5.03517,3.62485,2.69515,2.27943,2.10426,2.09031
0,0,0,128.5794793341,-0.589633,6.0671646842,7.98872,8.45917,9.60014,11.8503,16.3351,21.8479,25.8663,30.9911,37.3674,46.5196,62.2363,9.37623,6.36298,4.97231,3.58004,2.6617,2.25093,2.07773,2.06371
0,0,0,128.484168349,-0.594795,5.9571567875,8.01318,8.48086,9.61896,11.8639,16.3341,21.823,25.8219,30.9217,37.2958,46.6532,62.9181,9.32645,6.31342,4.92812,3.5439,2.63218,2.22449,2.05222,2.03732
0,0,0,128.4009513077,-0.599609,5.7797690542,8.03505,8.49732,9.62864,11.8612,16.302,21.7477,25.7136,30.7726,37.1348,46.6455,63.3532,9.35625,6.29473,4.90203,3.51692,2.60749,2.20114,2.02887,2.01246
0,0,0,128.2981094929,-0.60428,5.5598162862,8.05571,8.51093,9.63307,11.8491,16.2513,21.6424,25.5672,30.5755,36.9205,46.5515,63.6356,9.43843,6.29445,4.88641,3.49497,2.58529,2.17929,2.00649,1.9882
0,0,0,128.1983926463,-0.608841,5.2840402402,8.07527,8.5213,9.63123,11.8252,16.1777,21.4994,25.3725,30.3177,36.6321,46.3345,63.6876,9.59369,6.31799,4.88383,3.47901,2.56586,2.15901,1.98502,1.96436
0,0,0,128.1224898865,-0.61325,4.9146658089,8.09318,8.5265,9.61916,11.7822,16.0662,21.2945,25.0985,29.9597,36.2114,45.8959,63.3093,9.88724,6.38321,4.90354,3.47308,2.551,2.1412,1.9649,1.94106
0,0,0,128.0343053354,-0.617294,4.533677523,8.10943,8.52953,9.60425,11.7354,15.9493,21.0825,24.8163,29.5919,35.7796,45.4358,62.8858,10.2542,6.46416,4.93186,3.47171,2.53899,2.12563,1.94675,1.91969
0,0,0,127.9496355309,-0.621188,4.0979373902,8.12473,8.52957,9.58357,11.678,15.8124,20.8384,24.4929,29.1717,35.2758,44.8507,62.2098,10.7856,6.5775,4.97615,3.4772,2.53014,2.11189,1.92977,1.89903
0,0,0,127.8808945178,-0.624815,3.6422010304,8.13894,8.52777,9.56009,11.6165,15.6688,20.5848,24.158,28.737,34.7518,44.2273,61.4499,11.5098,6.71421,5.03133,3.48762,2.52395,2.10005,1.91438,1.87982
0,0,-0.7,127.827998161,-0.627998,3.1762201852,8.1513,8.5237,9.53383,11.5514,15.5211,20.3268,23.8184,28.2969,34.2206,43.5877,60.6511,12.5715,6.87678,5.09866,3.50388,2.52129,2.09094,1.90137,1.86295
0,0,-0.7,127.7398983377,-0.630775,2.7281328119,8.16223,8.51882,9.50768,11.4885,15.3801,20.082,23.4967,27.88,33.7236,43.0011,59.9495,14.4139,7.05288,5.17123,3.52298,2.52081,2.08385,1.8904,1.84827
0,0,-0.7,127.5890209714,-0.633416,2.3948203442,8.17353,8.51849,9.492,11.4463,15.2821,19.9093,23.2682,27.582,33.4014,42.7029,59.8151,101.097,7.18025,5.21883,3.53194,2.51656,2.07534,1.87934,1.83456
0,0,-0.7,127.4024247423,-0.635898,2.1365825364,8.18463,8.52068,9.48258,11.4171,15.2109,19.7817,23.0984,27.3591,33.1965,42.5999,60.0735,103.182,7.27416,5.25017,3.53472,2.51025,2.06628,1.86856,1.82181
0,0,0,127.241027243,-0.638113,1.9604724989,8.1949,8.52496,9.47926,11.4009,15.1671,19.7007,22.9892,27.2144,33.1206,42.7164,60.7917,106.794,7.32811,5.26382,3.53141,2.50229,2.05713,1.85853,1.81052
0,0,0,127.0453271348,-0.64017,1.9279055778,8.20505,8.53429,9.48801,11.4088,15.1726,19.7015,22.9859,27.2127,33.2738,43.2317,62.373,113.482,7.29741,5.24006,3.51418,2.48929,2.04603,1.84821,1.80019
0,0,0,126.9097298755,-0.642092,1.9924091664,8.21494,8.54687,9.50476,11.4329,15.2109,19.7571,23.0535,27.3228,33.604,44.0706,64.7223,123.566,7.2104,5.19166,3.48788,2.47314,2.03381,1.83784,1.79065
0,0,0,126.8687075069,-0.643403,1.9717024716,8.22141,8.55283,9.51034,11.4379,15.2144,19.7576,23.0513,27.3608,33.827,44.7412,66.8037,133.801,7.19085,5.1765,3.47687,2.46485,2.02674,1.83126,1.78407
0,0,0,126.8225691994,-0.644015,1.8270134396,8.22385,8.55011,9.50077,11.4166,15.1688,19.68,22.9501,27.2795,33.8649,45.0937,68.2399,142.434,7.26457,5.20657,3.48614,2.46668,2.02607,1.82922,1.78086
0,0,0,126.7740571482,-0.644055,1.5787221791,8.2231,8.54037,9.47883,11.3738,15.0831,19.5387,22.7678,27.0965,33.7408,45.1577,69.046,149.003,7.42246,5.27589,3.51261,2.47695,2.03071,1.83093,1.78042
0,0,-0.7,126.7245461186,-0.643553,1.2406255138,8.21951,8.5245,9.4462,11.3126,14.9636,19.3439,22.5176,26.8246,33.4729,44.9574,69.241,153.106,7.66751,5.38321,3.55523,2.4951,2.04034,1.8362,1.78266
0,0,-0.7,126.6550253163,-0.642593,0.8659225749,8.21381,8.50517,9.40831,11.2432,14.8301,19.1279,22.2412,26.5206,33.1505,44.6534,69.1872,156.192,7.97563,5.51478,3.60798,2.51847,2.0535,1.84422,1.78725
0,0,-0.7,126.5205474816,-0.641319,0.6070315952,8.20702,8.4889,9.37904,11.1919,14.7343,18.9755,22.0489,26.3454,33.0338,44.7301,70.0748,164.582,8.2256,5.62041,3.65178,2.53925,2.06624,1.85298,1.7935
0,0,0,126.3230916629,-0.639979,0.5002059061,8.20017,8.47804,9.36248,11.1655,14.6886,18.9055,21.9735,26.3431,33.1973,45.339,72.352,182.436,8.35924,5.67948,3.67874,2.55375,2.07625,1.86082,1.80018
0,0,0,126.1318529656,-0.638509,0.5369250524,8.19288,8.47183,9.35732,11.162,14.6889,18.9115,22.0136,26.514,33.6492,46.5233,76.2936,200,8.37162,5.693,3.68991,2.5626,2.08397,1.8681,1.80753
1,0,0,126.0141407587,-0.63683,0.6457979196,8.18462,8.4672,9.35709,11.169,14.7111,18.9544,22.1229,26.7919,34.2898,48.1236,81.7108,200,8.32712,5.68602,3.6946,2.56963,2.09138,1.87585,1.81596
1,0,0,125.4863562617,-0.63449,0.7029275414,8.17301,8.45727,9.34877,11.1631,14.711,18.9634,22.2059,27.0341,34.8846,49.6931,87.5051,200,8.34784,5.70781,3.71242,2.58374,2.10369,1.88745,1.82768
1,0,0,125.2521693595,-0.631463,0.6780382548,8.15783,8.44074,9.32964,11.1393,14.6786,18.9264,22.2353,27.197,35.3557,51.0619,93.1525,200,8.46086,5.76908,3.74739,2.60655,2.12171,1.90331,1.84282
1,0,0,125.1154353107,-0.627959,0.5323895184,8.14011,8.4173,9.29764,11.0925,14.6028,18.8299,22.1781,27.2264,35.6014,51.989,97.7087,200,8.70241,5.88106,3.80247,2.63854,2.14514,1.92271,1.86029
1,0,0,125.0600127509,-0.624,0.3037965469,8.1201,8.38861,9.25634,11.0296,14.4972,18.6933,22.0615,27.1625,35.6851,52.5844,101.353,200,9.05717,6.03411,3.8737,2.67802,2.17314,1.94527,1.88003
1,0,0,125.002767049,-0.619572,0.0372281619,8.09786,8.35635,9.2096,10.9581,14.3769,18.5411,21.9208,27.0592,35.6989,53.0368,104.667,200,9.50481,6.21616,3.95631,2.72318,2.20491,1.97068,1.90214
1,0,0,124.9502884265,-0.614746,-0.2918778789,8.07383,8.32011,9.15597,10.8748,14.2352,18.3602,21.7363,26.8845,35.5829,53.2009,106.987,200,10.107,6.43988,4.05375,2.77501,2.24072,1.99889,1.92629
1,0,0,124.9056117634,-0.609399,-0.67199355,8.0475,8.27984,9.09599,10.7814,14.0758,18.1563,21.5162,26.6509,35.3578,53.1149,108.359,200,10.926,6.70964,4.16702,2.83416,2.28116,2.03049,1.95314
1,0,0,124.6884029775,-0.603503,-1.0974032537,8.01885,8.23575,9.03017,10.6789,13.9012,17.9326,21.2651,26.3655,35.0352,52.7987,108.78,200,12.0843,7.03217,4.29711,2.90094,2.32644,2.06567,1.98286
1,0,0,124.2319660663,-0.596918,-1.5016135191,7.98708,8.18931,8.96298,10.5766,13.7306,17.7243,21.035,26.1112,34.7652,52.5982,109.709,168.174,13.2432,7.38507,4.43655,2.97301,2.37582,2.10447,2.01612
1,0,0,124.123614349,-0.589691,-1.9355488348,7.95257,8.13921,8.89088,10.4675,13.5503,17.5041,20.7858,25.8239,34.4315,52.2425,109.96,156.834,14.4049,7.80172,4.59369,3.0531,2.43042,2.14728,2.05275
1,0,0,124.0733117274,-0.581801,-2.3944536512,7.91527,8.08558,8.81424,10.3523,13.3661,17.275,20.5218,25.5107,34.0465,51.7589,109.624,155.065,15.5763,8.29493,4.76968,3.14153,2.49043,2.19421,2.09288
1,0,-0.7,124.0376847171,-0.573175,-2.8717790608,7.87485,8.02833,8.7333,10.2317,13.1801,17.0401,20.2478,25.1794,33.6251,51.1821,108.84,158.314,16.7575,8.88277,4.96613,3.23886,2.55625,2.24566,2.13688
1,0,-0.7,123.9745145245,-0.563933,-3.2794041545,7.83131,7.97044,8.65479,10.1186,13.0177,16.847,20.0339,24.9418,33.371,50.9924,109.815,144.9,17.6773,9.4511,5.1649,3.33845,2.62458,2.29985,2.18401
1,0,-0.7,123.8649723726,-0.554359,-3.5236789809,7.78517,7.91547,8.58608,10.0263,12.9066,16.7469,19.9551,24.9183,33.5073,51.7324,115.351,111.797,18.0173,9.83887,5.33989,3.43082,2.69046,2.35388,2.23254
1,0,-0.7,123.710866326,-0.544471,-3.624055457,7.73641,7.86266,8.52543,9.95144,12.8417,16.7309,19.9997,25.0931,34.0147,53.4108,126.518,83.12,17.8779,10.059,5.49031,3.51601,2.75391,2.40767,2.28235
1,0,-0.7,123.4871226718,-0.534498,-3.5727700048,7.68607,7.81327,8.47433,9.8959,12.8283,16.8098,20.1849,25.4985,34.9705,56.3211,147.491,62.1765,17.3247,10.1092,5.60783,3.5907,2.81288,2.4597,2.33218
1,0,0,123.3213141132,-0.524436,-3.3928669867,7.63437,7.76664,8.43113,9.85935,12.8624,16.978,20.5055,26.1343,36.4045,60.7338,187.4,48.0608,16.5321,10.0291,5.69565,3.65601,2.86787,2.51024,2.38213
1,0,0,123.1279023881,-0.514353,-3.0867069889,7.58178,7.72316,8.39612,9.84801,12.9473,17.2448,20.9796,27.0422,38.4442,67.3572,200,38.2674,15.5973,9.84177,5.74726,3.7112,2.91839,2.55888,2.43188
1,0,0,122.9999290944,-0.504296,-2.7202259944,7.52921,7.68153,8.36537,9.85472,13.0675,17.5825,21.5696,28.1725,41.0516,76.6981,200,31.703,14.6965,9.61296,5.76872,3.7609,2.96636,2.60638,2.48141
1,0,0,122.9499843465,-0.493826,-2.4987663474,7.47562,7.63406,8.32282,9.8479,13.1549,17.8578,22.0702,29.174,43.5097,86.8454,200,28.1024,14.1303,9.48611,5.81236,3.82455,3.02161,2.65813,2.53336
1,0,0,122.9014407576,-0.482835,-2.4333861334,7.42028,7.57976,8.27167,9.82385,13.2005,18.0499,22.445,29.9708,45.6113,96.9364,200,26.0888,13.8232,9.45151,5.88023,3.90334,3.08535,2.71494,2.58823
1,0,0,122.8448603154,-0.471529,-2.5384379451,7.36424,7.51931,8.21369,9.78069,13.198,18.1408,22.6591,30.4836,47.1097,105.396,152.536,25.103,13.7338,9.50248,5.97236,3.98959,3.15715,2.77607,2.64504
1,0,0,122.780770514,-0.460001,-2.7852509745,7.30789,7.45422,8.15111,9.72266,13.1556,18.1445,22.7307,30.7325,47.9926,111.412,124.516,24.7471,13.7971,9.61564,6.08177,4.07885,3.23413,2.84078,2.7033
1,0,0,122.6939675956,-0.448369,-3.0585403837,7.25129,7.39202,8.09256,9.66757,13.1134,18.1424,22.7894,30.9535,48.811,117.482,107.806,24.4736,13.8631,9.72208,6.1831,4.16134,3.30571,2.90622,2.76224
1,0,0,122.8277813967,-0.436646,-3.2164303633,7.19375,7.33787,8.04649,9.63329,13.1128,18.222,22.9784,31.4186,50.263,128.026,90.5012,23.8469,13.7931,9.75481,6.25086,4.22737,3.3669,2.96539,2.82122
1,0,0,123.2170369391,-0.425281,-2.8068915905,7.13496,7.29088,8.01195,9.61877,13.153,18.3847,23.3034,32.1493,52.4638,145.526,75.092,22.9495,13.6056,9.72146,6.28808,4.27853,3.41891,3.01819,2.87705
1,0,0,123.6889559449,-0.414749,-2.3745089904,7.07982,7.24903,7.98393,9.61373,13.2108,18.5829,23.6884,33.0085,55.111,170.735,63.8817,22.0521,13.3877,9.66418,6.3108,4.32109,3.4648,3.06615,2.92877
1,0,0,124.189948407,-0.405258,-2.0870446054,7.03095,7.20859,7.95135,9.59366,13.227,18.6862,23.9132,33.5548,56.9497,192.936,58.5161,21.6005,13.307,9.66835,6.35233,4.36741,3.50987,3.11104,2.97569
1,0,0,124.603952979,-0.396947,-2.0487652951,6.9892,7.16706,7.90713,9.54285,13.1628,18.6063,23.8236,33.4608,56.9188,195.377,58.5648,21.7976,13.4537,9.78323,6.43298,4.42526,3.55743,3.15386,3.01719
1,0,0,125.0192064783,-0.389519,-2.1820123599,6.95264,7.12516,7.85541,9.47163,13.0444,18.4018,23.5186,32.9242,55.5711,182.476,62.0869,22.4398,13.7586,9.97537,6.5409,4.491,3.60651,3.19499,3.05462
1,0,0,125.4180635441,-0.382594,-2.3423030327,6.91875,7.08517,7.80477,9.4001,12.922,18.1854,23.1917,32.3411,54.0934,169.148,66.5752,23.1664,14.0879,10.1771,6.65038,4.55571,3.65386,3.23404,3.08961
1,0,0,125.7989787679,-0.376106,-2.3979544233,6.88656,7.05038,7.7642,9.34762,12.8417,18.0574,23.0113,32.0471,53.4368,164.449,68.7129,23.5802,14.2978,10.3156,6.73275,4.60845,3.69453,3.26902,3.1222
1,0,0,126.190863443,-0.369842,-2.3938806934,6.85519,7.0184,7.72914,9.30568,12.7847,17.9783,22.9117,31.9116,53.2227,163.978,69.2943,23.8043,14.4368,10.4168,6.79942,4.65436,3.73146,3.30177,3.15354
1,0,0,126.5798547763,-0.363681,-2.3672725334,6.82423,6.98756,7.69625,9.26778,12.7365,17.9176,22.8426,31.8353,53.1736,165.075,69.2651,23.9537,14.5477,10.5033,6.85982,4.6975,3.76684,3.33357,3.18431
1,0,0,127.1651661699,-0.357583,-2.3485310839,6.79362,6.95682,7.66315,9.22912,12.6861,17.8517,22.7642,31.7403,53.0701,165.647,69.435,24.1244,14.6657,10.593,6.92123,4.74083,3.80214,3.36517,3.21479
1,0,0,127.629468975,-0.351577,-2.350633839,6.76358,6.92599,7.6291,9.18798,12.6292,17.7711,22.6609,31.5946,52.8203,164.767,70.1396,24.3566,14.8053,10.6933,6.98642,4.78534,3.83778,3.39667,3.24485
1,0,0,128.0688415211,-0.345623,-2.3605517385,6.73383,6.89521,7.5948,9.14605,12.5702,17.6854,22.5485,31.4306,52.5171,163.352,71.0496,24.612,14.9527,10.7974,7.05291,4.83019,3.87345,3.42805,3.27467
1,0,0,128.5043753553,-0.339672,-2.3739131143,6.70411,6.86436,7.56029,9.10364,12.51,17.5972,22.4321,31.2583,52.1906,161.715,72.0602,24.8791,15.1044,10.9036,7.12022,4.87535,3.90925,3.45948,3.30448
1,0,0,128.9401990209,-0.33372,-2.3806854754,6.67436,6.83368,7.52624,9.06222,12.4521,17.514,22.324,31.1027,51.9114,160.539,72.8975,25.1255,15.2486,11.0059,7.18602,4.91992,3.94478,3.49078,3.33428
1,0,0,129.3353751794,-0.327771,-2.3832809742,6.6446,6.80313,7.49249,9.02141,12.3956,17.4339,22.2212,30.9575,51.6617,159.649,73.6214,25.3584,15.3879,11.1058,7.25081,4.9641,3.98012,3.522,3.36406
1,0,0,129.6656077512,-0.321801,-2.3812584332,6.61472,6.7726,7.45894,8.98115,12.3406,17.357,22.1238,30.8233,51.4435,159.066,74.2179,25.5768,15.5221,11.2032,7.3147,5.00799,4.01537,3.55324,3.39392
1,0,0,130.2008582832,-0.315817,-2.3805766134,6.58477,6.74195,7.42521,8.94058,12.2849,17.279,22.0245,30.6854,51.2153,158.391,74.8533,25.8003,15.6582,11.3016,7.37908,5.05212,4.05077,3.58458,3.42387
1,0,0,130.6362745959,-0.309804,-2.3804963993,6.55468,6.71115,7.39129,8.89974,12.2288,17.2001,21.9239,30.5454,50.9818,157.673,75.5088,26.0267,15.7957,11.4009,7.44391,5.0965,4.08637,3.61608,3.45396
1,0,0,131.0277487768,-0.303789,-2.3842378137,6.52459,6.68023,7.35709,8.85834,12.1714,17.1184,21.8187,30.3961,50.7221,156.702,76.2757,26.2664,15.938,11.5026,7.50972,5.14129,4.12215,3.64767,3.48407
1,0,0,131.3825360784,-0.297746,-2.3895090254,6.49438,6.64913,7.32265,8.81654,12.1133,17.0352,21.7112,30.2425,50.4512,155.632,77.0929,26.5126,16.083,11.6058,7.57623,5.18643,4.15817,3.67944,3.51432
1,0,0,131.749025662,-0.291685,-2.3901106311,6.46405,6.61806,7.28841,8.77527,12.0565,16.9552,21.6091,30.0999,50.2115,154.866,77.7763,26.7435,16.2226,11.7063,7.64178,5.23125,4.19409,3.7112,3.54466
1,0,0,132.1232069042,-0.285611,-2.3822954868,6.43361,6.58714,7.25465,8.7351,12.0024,16.8811,21.5168,29.9769,50.028,154.643,78.2093,26.9454,16.3517,11.8017,7.70531,5.27533,4.22969,3.74287,3.57504
1,0,0,132.443497307,-0.27951,-2.357652572,6.40297,6.55651,7.22185,8.69709,11.9535,16.8185,21.4442,29.8932,49.9564,155.517,78.1421,27.0883,16.4597,11.8864,7.76472,5.3179,4.26465,3.77433,3.6055
1,0,0,132.9532812346,-0.273406,-2.3297609866,6.3723,6.52595,7.18923,8.65949,11.9056,16.7581,21.3752,29.8169,49.9063,156.628,77.9814,27.2191,16.5632,11.9687,7.82323,5.36012,4.29945,3.80572,3.63597
1,0,0,133.3963959197,-0.267312,-2.3147323036,6.34173,6.4951,7.1558,8.62013,11.8536,16.6886,21.2907,29.7098,49.7689,156.889,78.1958,27.394,16.6827,12.0592,7.88491,5.40354,4.3348,3.83733,3.66643
1,0,0,133.7401282955,-0.261238,-2.3164569066,6.31135,6.46393,7.1214,8.57858,11.7962,16.6074,21.1867,29.5634,49.5188,156.021,78.8945,27.6273,16.8232,12.1603,7.95072,5.44851,4.37081,3.86918,3.69683
1,0,0,134.0847362322,-0.255165,-2.328506209,6.28101,6.4325,7.08633,8.53561,11.7355,16.519,21.0704,29.3927,49.1998,154.467,79.9016,27.8979,16.9774,12.2684,8.0193,5.49455,4.40733,3.90124,3.72725
1,0,0,134.4334973888,-0.249092,-2.3365333477,6.25066,6.40117,7.05152,8.49322,11.6761,16.4334,20.9591,29.2317,48.9084,153.192,80.7959,28.1546,17.1265,12.3738,8.08685,5.5402,4.44366,3.93322,3.75766
1,0,0,134.7715209794,-0.243002,-2.328506209,6.22015,6.37016,7.01766,8.4529,11.6218,16.3589,20.8663,29.1079,48.723,152.97,81.2064,28.3534,17.2546,12.4687,8.15025,5.58428,4.4793,3.96495,3.78812
1,0,0,135.1190261073,-0.236898,-2.2985347867,6.18947,6.33963,6.98511,8.41545,11.5743,16.2993,20.7987,29.0344,48.6818,154.203,80.9537,28.4715,17.3534,12.5486,8.20778,5.62611,4.51392,3.99627,3.81858
1,0,0,135.3875460856,-0.230795,-2.258754327,6.15876,6.30933,6.95318,8.37929,11.5298,16.2464,20.7423,28.9835,48.7056,156.143,80.4179,28.5526,17.4385,12.6216,8.26251,5.66685,4.54803,4.02736,3.84902
1,0,0,135.8098949035,-0.2247,-2.2045238717,6.12804,6.27944,6.9222,8.34511,11.49,16.2034,20.7026,28.9662,48.8273,159.19,79.4838,28.5799,17.5034,12.684,8.31302,5.70591,4.58133,4.05808,3.87937
1,0,0,136.1023719909,-0.218639,-2.2072511508,6.09772,6.24829,6.88777,8.30344,11.4322,16.1214,20.597,28.8164,48.5673,158.206,80.1836,28.8133,17.6439,12.7851,8.37877,5.75081,4.61729,4.08986,3.90971
1,0,0,136.3817662662,-0.212596,-2.2799251175,6.06778,6.21553,6.84904,8.25258,11.3527,15.9917,20.4113,28.5064,47.8466,152.406,82.9608,29.3078,17.8803,12.9351,8.46394,5.80324,4.65672,4.12312,3.94014
1,0,0,136.7907569471,-0.206519,-2.350960425,6.03767,6.18265,6.81028,8.20184,11.2737,15.8636,20.2284,28.203,47.1492,147.063,85.8412,29.8067,18.1178,13.0857,8.54945,5.8559,4.69634,4.15655,3.97075
1,0,0,137.1051698325,-0.200402,-2.3567530283,6.00709,6.15117,6.7754,8.1595,11.2147,15.7793,20.1193,28.047,46.8735,145.958,86.6923,30.059,18.2657,13.1908,8.61701,5.90169,4.73285,4.18872,4.00137
1,0,0,137.4532403086,-0.194256,-2.3272457018,5.97621,6.12038,6.74253,8.12157,11.1664,15.7182,20.0494,27.9692,46.8203,147.051,86.395,30.1743,18.3639,13.2707,8.67472,5.94373,4.76767,4.22024,4.03205
1,0,0,137.382481349,-0.188091,-2.2941344709,5.94522,6.08958,6.70976,8.08396,11.1189,15.6591,19.9829,27.8986,46.7889,148.402,85.9914,30.2753,18.457,13.348,8.73147,5.98545,4.80239,4.25176,4.0628
1,0,0,137.3859763115,-0.181926,-2.2654464741,5.91425,6.05866,6.6767,8.04573,11.07,15.5969,19.9112,27.8177,46.7289,149.5,85.736,30.3927,18.5559,13.4283,8.78939,6.02763,4.83733,4.28338,4.09357
1,0,0,137.5000114262,-0.17578,-2.3191039716,5.88372,6.02588,6.63871,7.99697,10.9961,15.4804,19.7482,27.5544,46.1469,145.284,88.1079,30.8337,18.7732,13.569,8.87123,6.07909,4.87656,4.31682,4.12448
1,0,0,137.4016223511,-0.169615,-2.4010942321,5.85321,5.99237,6.59896,7.94457,10.9138,15.3457,19.5549,27.2315,45.3992,139.59,91.5652,31.3975,19.0346,13.7321,8.96204,6.13408,4.91749,4.35105,4.15557
1,0,0,137.3444420844,-0.163431,-2.4532219323,5.82249,5.95947,6.56094,7.89596,10.8405,15.231,19.3952,26.9759,44.8451,135.903,94.1341,31.8486,19.2548,13.8742,9.04453,6.18589,4.95698,4.38471,4.18668
1,0,0,137.2662071415,-0.157211,-2.4898339354,5.79152,5.92677,6.5237,7.84914,10.7718,15.1262,19.2524,26.7543,44.3885,133.19,96.2162,32.2408,19.4538,14.0056,9.12295,6.23622,4.99586,4.4182,4.21793
1,0,0,137.1208866482,-0.150955,-2.5137377346,5.76032,5.89418,6.48702,7.80373,10.7065,15.0292,19.123,26.5596,44.0089,131.211,97.8618,32.5833,19.6352,14.1283,9.19805,6.28538,5.03429,4.45158,4.24932
1,0,0,136.9663410365,-0.144698,-2.5369883619,5.72911,5.86162,6.4504,7.75842,10.6415,14.9329,18.9946,26.3671,43.6354,129.303,99.5129,32.9251,19.8162,14.2508,9.27306,6.3345,5.0727,4.48496,4.2807
1,0,0,136.8226601645,-0.138442,-2.5603764991,5.6979,5.82905,6.41378,7.71314,10.5766,14.8367,18.8665,26.1749,43.2635,127.422,101.201,33.2696,19.998,14.3736,9.34823,6.38368,5.11114,4.51835,4.3121
1,0,0,136.6839767746,-0.132185,-2.5857012336,5.6667,5.79646,6.37707,7.66765,10.5112,14.7395,18.7366,25.9795,42.8829,125.481,103.005,33.625,20.1837,14.4984,9.42414,6.43315,5.1497,4.5518,4.34349
1,0,0,136.5587101642,-0.125928,-2.611192126,5.63549,5.76385,6.34036,7.62217,10.4459,14.6424,18.6069,25.7845,42.5039,123.57,104.854,33.9837,20.3704,14.6237,9.50024,6.4827,5.18831,4.58527,4.3749
1,0,0,136.4492224244,-0.119671,-2.6367116661,5.60429,5.73127,6.30368,7.57674,10.3806,14.5455,18.4776,25.5903,42.1273,121.695,106.744,34.3449,20.5579,14.7494,9.57648,6.53228,5.22694,4.61874,4.40631
1,0,0,136.3563070243,-0.113418,-2.6621968289,5.57311,5.6987,6.26703,7.53137,10.3154,14.4488,18.3487,25.397,41.7535,119.858,108.674,34.7083,20.7461,14.8753,9.6528,6.5819,5.26557,4.65221,4.4377
1,0,0,136.270943609,-0.107192,-2.6877163691,5.54206,5.66629,6.23055,7.48622,10.2506,14.3527,18.2207,25.205,41.383,118.057,110.644,35.0733,20.9344,15.0012,9.72897,6.63136,5.30406,4.68554,4.46896
1,0,0,136.1911382724,-0.100966,-2.7132072614,5.51101,5.63388,6.19409,7.44111,10.1859,14.2568,18.093,25.0139,41.0152,116.291,112.657,35.4408,21.1234,15.1274,9.80526,6.68087,5.34257,4.71888,4.50021
1,0,0,136.1142875536,-0.0947406,-2.7386981537,5.47996,5.60148,6.15765,7.39604,10.1213,14.1612,17.9656,24.8235,40.6497,114.558,114.715,35.8108,21.3132,15.2539,9.88168,6.73043,5.38111,4.75224,4.53147
1,0,0,136.0396942671,-0.0885147,-2.7642176939,5.44891,5.56908,6.12123,7.35101,10.0568,14.0657,17.8386,24.6338,40.2865,112.856,116.821,36.1836,21.5039,15.3809,9.95825,6.78004,5.41967,4.7856,4.56274
1,0,0,135.9686353774,-0.0822113,-2.7896226425,5.41748,5.5363,6.08439,7.3055,9.99169,13.9695,17.7108,24.4433,39.9234,111.181,118.981,36.5615,21.6969,15.5094,10.0358,6.83026,5.45871,4.81938,4.59439
1,0,0,135.8990659844,-0.0759857,-2.815124994,5.38643,5.50392,6.04801,7.26054,9.92735,13.8744,17.5845,24.2551,39.565,109.541,121.185,36.9395,21.8891,15.6371,10.1126,6.87997,5.49731,4.85277,4.62565
1,0,0,135.8340605958,-0.0697601,-2.8406273454,5.35538,5.47155,6.01164,7.21562,9.8631,13.7796,17.4586,24.0677,39.2089,107.93,123.442,37.3201,22.0821,15.7651,10.1896,6.92973,5.53594,4.88616,4.65692
1,0,0,135.7735426967,-0.0635345,-2.8661296969,5.32433,5.43919,5.97529,7.17074,9.79895,13.6849,17.333,23.881,38.8551,106.348,125.752,37.7035,22.2759,15.8936,10.2667,6.97954,5.57459,4.91957,4.68819
1,0,0,135.7164911273,-0.0573334,-2.8916320484,5.29341,5.40696,5.9391,7.12606,9.73511,13.5908,17.2082,23.6956,38.5045,104.796,128.116,38.0886,22.47,16.0219,10.3436,7.02921,5.61312,4.95286,4.71934
1,0,0,135.6698963796,-0.0511353,-2.9177589238,5.2625,5.37474,5.90291,7.08137,9.67122,13.4965,17.0832,23.5098,38.1533,103.25,130.576,38.4798,22.6659,16.1512,10.4209,7.079,5.6517,4.98616,4.75048
1,0,0,135.6660071393,-0.044873,-2.9747281174,5.23141,5.34158,5.86476,7.03287,9.59886,13.3847,16.9294,23.2689,37.6568,100.671,135.133,39.0463,22.922,16.3106,10.5101,7.13358,5.69266,5.02068,4.78208
1,0,0,136.0226629966,-0.0384552,-3.1539435861,5.20015,5.30526,5.81948,6.97006,9.49418,13.2051,16.6648,22.8163,36.6083,94.3726,149.243,40.3326,23.42,16.5897,10.6461,7.20656,5.74259,5.05958,4.81502
1,0,0,136.8890959351,-0.0318298,-3.4745306612,5.16865,5.26532,5.76611,6.89117,9.35363,12.9516,16.2809,22.141,35.0082,85.1277,187.638,42.5963,24.2281,17.0188,10.8394,7.30195,5.80347,5.10388,4.84977
1,0,0,138.3008557361,-0.0248383,-3.8884754795,5.13601,5.22208,5.70661,6.80114,9.19009,12.6536,15.8287,21.3479,33.1638,75.5617,182.604,45.7977,25.3,17.57,11.0784,7.41538,5.87359,5.15331,4.88706
1,0,0,139.0532614405,-0.0168671,-4.1787530872,5.09789,5.17638,5.64827,6.71862,9.05046,12.4134,15.4767,20.7568,31.8737,69.7742,179.026,48.4659,26.1826,18.0301,11.2857,7.51974,5.9419,5.20452,4.92877
1,0,0,139.2098322461,-0.0074585,-4.2267841392,5.05103,5.12767,5.59375,6.65164,8.95567,12.2756,15.2966,20.4968,31.4158,68.3445,177.66,49.3354,26.5496,18.2566,11.4135,7.59908,6.00218,5.25587,4.97624
1,0,0,139.4332517999,0.00266724,-4.205636267,5.00013,5.07649,5.53851,6.58689,8.87047,12.1622,15.1589,20.3203,31.1709,67.9972,176.902,49.6574,26.7685,18.4188,11.5211,7.67332,6.06189,5.3088,5.02687
1,0,0,139.6691351779,0.013208,-4.1730979938,4.94708,5.02338,5.48148,6.52047,8.78406,12.0489,15.0232,20.1508,30.9499,67.8022,176.236,49.9002,26.9696,18.5752,11.6286,7.74889,6.12325,5.36355,5.07951
1,0,0,139.8688013799,0.0239807,-4.1413790503,4.89287,4.96907,5.42309,6.45237,8.69525,11.9321,14.8829,19.9746,30.7173,67.5748,175.556,50.1587,27.1777,18.7361,11.7388,7.82627,6.18603,5.41954,5.13331
1,0,0,140.0652897505,0.0348724,-4.1169481299,4.83812,4.91402,5.36369,6.38272,8.60363,11.8102,14.7349,19.7852,30.4552,67.2165,174.808,50.4824,27.4059,18.907,11.8532,7.90562,6.25003,5.47637,5.18775
1,0,0,140.2336226508,0.0458374,-4.0981150071,4.78304,4.8585,5.30359,6.312,8.51001,11.6846,14.5813,19.586,30.171,66.7577,174.007,50.8551,27.649,19.0853,11.9707,7.98635,6.31484,5.53377,5.24259
