","
0.0,0.0,0.0,98.22140003378617,-0.0286182,0.7095623926459141,5.14348,5.33471,5.9426,7.22443,9.94666,13.7033,16.8516,21.5239,28.5338,38.7125,52.303,68.6578,32.545,16.3757,10.0965,6.91442,5.60306,5.01826,4.85729,200.0,200.0,200.0,200.0,200.0,200.0,200.0,200.0,200.0,200.0,200.0,200.0,200.0,200.0,200.0,200.0,200.0,200.0,17.4249,200.0,200.0,200.0,200.0,200.0,200.0,200.0,200.0,200.0,200.0,200.0,200.0,200.0,200.0,200.0,200.0,200.0
0.0,0.0,0.0,98.17000001730659,-0.0298281,0.44692999851384735,5.14929,5.33441,5.93425,7.20146,9.8879,13.5825,16.6707,21.2472,28.1137,38.1123,51.5311,67.7632,87.7173,16.6648,10.1758,6.93922,5.61127,5.01817,4.85101,200.0,200.0,200.0,200.0,200.0,200.0,200.0,200.0,200.0,200.0,200.0,200.0,200.0,200.0,200.0,200.0,200.0,200.0,17.356,200.0,200.0,200.0,200.0,200.0,200.0,200.0,200.0,200.0,200.0,200.0,200.0,200.0,200.0,200.0,200.0,200.0
0.0,0.0,0.0,98.11880000991415,-0.0304875,0.18443224946363634,5.15245,5.33141,5.92293,7.17511,9.82512,13.4578,16.4865,20.9682,27.6928,37.5125,50.759,66.8668,86.6223,16.9808,10.263,6.96846,5.62287,5.02103,4.8476,200.0,200.0,200.0,200.0,200.0,200.0,200.0,200.0,200.0,200.0,200.0,200.0,200.0,200.0,200.0,200.0,200.0,200.0,17.2884,200.0,200.0,200.0,200.0,200.0,200.0,200.0,200.0,200.0,200.0,200.0,200.0,200.0,200.0,200.0,200.0,200.0
0.0,0.0,0.0,98.06660000694863,-0.030598,-0.07790163365716725,5.15298,5.32568,5.90865,7.14537,9.7584,13.3291,16.2986,20.6868,27.2715,36.9131,49.9864,65.9684,85.5281,17.3266,10.3586,7.00219,5.63785,5.02686,4.84702,200.0,200.0,200.0,200.0,200.0,200.0,200.0,200.0,200.0,200.0,200.0,200.0,200.0,200.0,200.0,200.0,200.0,200.0,17.2224,200.0,200.0,200.0,200.0,200.0,200.0,200.0,200.0,200.0,200.0,200.0,200.0,200.0,200.0,200.0,200.0,200.0
0.0,0.0,0.0,98.01270000522322,-0.0301593,-0.34012608183910087,5.15089,5.31725,5.89148,7.11231,9.68789,13.1965,16.1074,20.4031,26.8494,36.314,49.2134,65.0682,84.4342,17.7052,10.4627,7.04045,5.65624,5.03564,4.84929,200.0,200.0,200.0,200.0,200.0,200.0,200.0,200.0,200.0,200.0,200.0,200.0,200.0,200.0,200.0,200.0,200.0,200.0,17.1577,200.0,200.0,200.0,200.0,200.0,200.0,200.0,200.0,200.0,200.0,200.0,200.0,200.0,200.0,200.0,200.0,200.0
0.0,0.0,0.0,97.95880000426169,-0.0291761,-0.6021328060588848,5.14615,5.30612,5.87138,7.07598,9.61361,13.0602,15.913,20.1173,26.4268,35.7152,48.4401,64.166,83.3413,18.1199,10.5757,7.08333,5.67811,5.04742,4.8544,200.0,200.0,200.0,200.0,200.0,200.0,200.0,200.0,200.0,200.0,200.0,200.0,200.0,200.0,200.0,200.0,200.0,200.0,17.0945,200.0,200.0,200.0,200.0,200.0,200.0,200.0,200.0,200.0,200.0,200.0,200.0,200.0,200.0,200.0,200.0,200.0
0.0,0.0,0.0,97.9050000036577,-0.0276441,-0.8640318142131841,5.13878,5.29234,5.84843,7.03641,9.53561,12.9202,15.7153,19.8293,26.0036,35.1167,47.6661,63.2616,82.2487,18.5754,10.6978,7.13092,5.70342,5.06219,4.86235,200.0,200.0,200.0,200.0,200.0,200.0,200.0,200.0,200.0,200.0,200.0,200.0,200.0,200.0,200.0,200.0,200.0,200.0,17.0328,200.0,200.0,200.0,200.0,200.0,200.0,200.0,200.0,200.0,200.0,200.0,200.0,200.0,200.0,200.0,200.0,200.0
0.0,0.0,0.0,97.85130000405259,-0.0255661,-1.1257646646068955,5.12878,5.27589,5.82264,6.99365,9.45401,12.7766,15.5145,19.5392,25.5797,34.5186,46.8916,62.3551,81.1565,19.0769,10.8293,7.18326,5.73224,5.07994,4.87315,200.0,200.0,200.0,200.0,200.0,200.0,200.0,200.0,200.0,200.0,200.0,200.0,200.0,200.0,200.0,200.0,200.0,200.0,16.9725,200.0,200.0,200.0,200.0,200.0,200.0,200.0,200.0,200.0,200.0,200.0,200.0,200.0,200.0,200.0,200.0,200.0
0.0,0.0,0.0,97.79760000384782,-0.0229439,-1.387274061460506,5.11615,5.25677,5.79401,6.94775,9.36881,12.6294,15.3106,19.247,25.1552,33.9208,46.1167,61.4464,80.0651,19.6311,10.9706,7.24044,5.76459,5.1007,4.88678,200.0,200.0,200.0,200.0,200.0,200.0,200.0,200.0,200.0,200.0,200.0,200.0,200.0,200.0,200.0,200.0,200.0,200.0,16.9137,200.0,200.0,200.0,200.0,200.0,200.0,200.0,200.0,200.0,200.0,200.0,200.0,200.0,200.0,200.0,200.0,200.0
0.0,0.0,-0.7000000000000001,97.74400000351234,-0.0197791,-1.6485714639299176,5.10094,5.23501,5.76259,6.89872,9.28015,12.4789,15.1038,18.9529,24.7303,33.3234,45.3414,60.5356,78.9746,20.2459,11.1222,7.30256,5.80048,5.12447,4.90321,200.0,200.0,200.0,200.0,200.0,200.0,200.0,200.0,200.0,200.0,200.0,200.0,200.0,200.0,200.0,200.0,200.0,200.0,16.8563,200.0,200.0,200.0,200.0,200.0,200.0,200.0,200.0,200.0,200.0,200.0,200.0,200.0,200.0,200.0,200.0,200.0
0.0,0.0,-0.7000000000000001,97.64911112162355,-0.0164432,-1.7734819928463885,5.08456,5.21533,5.73743,6.86336,9.22234,12.3876,14.9828,18.7874,24.4994,33.0086,44.9424,60.0751,78.51,20.6143,11.2185,7.34649,5.82866,5.14545,4.92023,200.0,200.0,200.0,200.0,200.0,200.0,200.0,200.0,200.0,200.0,200.0,200.0,200.0,200.0,200.0,200.0,200.0,200.0,16.8005,200.0,200.0,200.0,200.0,200.0,200.0,200.0,200.0,200.0,200.0,200.0,200.0,200.0,200.0,200.0,200.0,200.0
0.0,0.0,-0.7000000000000001,97.44973049272839,-0.0137772,-1.5375150544997103,5.07063,5.20654,5.73457,6.87049,9.25352,12.4604,15.0964,18.9677,24.7862,33.4452,45.545,60.8144,79.7559,20.1924,11.1473,7.33195,5.82894,5.15281,4.93296,200.0,200.0,200.0,200.0,200.0,200.0,200.0,200.0,200.0,200.0,200.0,200.0,200.0,200.0,200.0,200.0,200.0,200.0,16.7462,200.0,200.0,200.0,200.0,200.0,200.0,200.0,200.0,200.0,200.0,200.0,200.0,200.0,200.0,200.0,200.0,200.0
0.0,0.0,0.0,97.18913720594043,-0.0121014,-0.9862609006484425,5.06122,5.20971,5.75398,6.91844,9.36857,12.6873,15.43,19.4728,25.557,34.5768,47.0587,62.6284,82.7381,19.1895,10.9327,7.26481,5.80305,5.14649,4.94025,200.0,200.0,200.0,200.0,200.0,200.0,200.0,200.0,200.0,200.0,200.0,200.0,200.0,200.0,200.0,200.0,200.0,200.0,16.694,200.0,200.0,200.0,200.0,200.0,200.0,200.0,200.0,200.0,200.0,200.0,200.0,200.0,200.0,200.0,200.0,200.0
0.0,0.0,0.0,96.9564203217435,-0.0115825,-0.20360456320430395,5.05794,5.22462,5.79334,7.00161,9.5554,13.047,15.9544,20.2599,26.7446,36.2908,49.3052,65.2749,87.4582,17.9466,10.6249,7.1595,5.7569,5.12878,4.94213,200.0,200.0,200.0,200.0,200.0,200.0,200.0,200.0,200.0,200.0,200.0,200.0,200.0,200.0,200.0,200.0,200.0,200.0,16.644,200.0,200.0,200.0,200.0,200.0,200.0,200.0,200.0,200.0,200.0,200.0,200.0,200.0,200.0,200.0,200.0,200.0
0.0,0.0,0.0,96.88342591307111,-0.0119045,0.5780685786633901,5.05977,5.2449,5.8391,7.09373,9.75857,13.437,16.523,21.1119,28.0211,38.1047,51.6363,68.0007,92.9552,16.888,10.3291,7.05284,5.70782,5.10785,4.94073,200.0,200.0,200.0,200.0,200.0,200.0,200.0,200.0,200.0,200.0,200.0,200.0,200.0,200.0,200.0,200.0,200.0,200.0,16.5954,200.0,200.0,200.0,200.0,200.0,200.0,200.0,200.0,200.0,200.0,200.0,200.0,200.0,200.0,200.0,200.0,200.0
0.0,0.0,0.0,96.83036144594284,-0.0120655,0.9382413078385282,5.06099,5.25468,5.86084,7.13746,9.85552,13.6245,16.7973,21.5235,28.6358,38.9698,52.7341,69.3751,31.0463,16.4533,10.1992,7.00514,5.68578,5.09853,4.94035,200.0,200.0,200.0,200.0,200.0,200.0,200.0,200.0,200.0,200.0,200.0,200.0,200.0,200.0,200.0,200.0,200.0,200.0,16.5481,200.0,200.0,200.0,200.0,200.0,200.0,200.0,200.0,200.0,200.0,200.0,200.0,200.0,200.0,200.0,200.0,200.0
0.0,0.0,0.0,96.77345511647691,-0.0122131,1.0021432907294692,5.06181,5.25706,5.86541,7.14612,9.87405,13.6597,16.8484,21.5998,28.7489,39.1273,52.9322,69.6841,30.233,16.3766,10.1753,6.99593,5.68123,5.0963,4.93972,200.0,200.0,200.0,200.0,200.0,200.0,200.0,200.0,200.0,200.0,200.0,200.0,200.0,200.0,200.0,200.0,200.0,200.0,16.5019,200.0,200.0,200.0,200.0,200.0,200.0,200.0,200.0,200.0,200.0,200.0,200.0,200.0,200.0,200.0,200.0,200.0
0.0,0.0,0.0,96.71694676625289,-0.0124651,0.9059436769270038,5.06294,5.25594,5.86125,7.13638,9.85057,13.6125,16.7781,21.4928,28.5874,38.8989,52.6417,69.3809,31.4679,16.4824,10.2061,7.00638,5.68534,5.09722,4.93832,200.0,200.0,200.0,200.0,200.0,200.0,200.0,200.0,200.0,200.0,200.0,200.0,200.0,200.0,200.0,200.0,200.0,200.0,16.4569,200.0,200.0,200.0,200.0,200.0,200.0,200.0,200.0,200.0,200.0,200.0,200.0,200.0,200.0,200.0,200.0,200.0
0.0,0.0,0.0,96.66288210399316,-0.0127647,0.7239608220375516,5.06421,5.25296,5.85242,7.11683,9.80489,13.5218,16.6441,21.2898,28.282,38.4669,52.092,68.7441,96.7503,16.6915,10.2672,7.02764,5.69423,5.09993,4.93658,200.0,200.0,200.0,200.0,200.0,200.0,200.0,200.0,200.0,200.0,200.0,200.0,200.0,200.0,200.0,200.0,200.0,200.0,16.4129,200.0,200.0,200.0,200.0,200.0,200.0,200.0,200.0,200.0,200.0,200.0,200.0,200.0,200.0,200.0,200.0,200.0
0.0,0.0,0.0,96.61096711816707,-0.012984,0.49834780400668255,5.06511,5.24854,5.84074,7.09184,9.74758,13.4095,16.4787,21.04,27.9068,37.9355,51.4134,67.9393,95.6341,16.9642,10.3458,7.05538,5.70627,5.10416,4.93526,200.0,200.0,200.0,200.0,200.0,200.0,200.0,200.0,200.0,200.0,200.0,200.0,200.0,200.0,200.0,200.0,200.0,200.0,16.3702,200.0,199.427,200.0,200.0,200.0,200.0,200.0,200.0,200.0,200.0,200.0,200.0,200.0,200.0,200.0,200.0,200.0
1,0.0,0.0,96.56057414473095,-0.0130153,0.25218794648462695,5.06512,5.24275,5.82695,7.06344,9.68405,13.2864,16.2987,20.7695,27.5012,37.3602,50.6761,67.0579,94.36,17.2807,10.4358,7.0876,5.72077,5.10997,4.93497,200.0,200.0,200.0,200.0,200.0,200.0,200.0,200.0,200.0,200.0,200.0,200.0,200.0,200.0,200.0,200.0,200.0,200.0,16.3288,200.0,198.765,200.0,200.0,200.0,200.0,200.0,200.0,200.0,200.0,200.0,200.0,200.0,200.0,200.0,200.0,200.0
1,0.0,0.0,96.40046464840708,-0.0127499,-0.0013487369201600067,5.06375,5.23537,5.81123,7.03251,9.61687,13.1585,16.1129,20.492,27.0863,36.7711,49.9193,66.1507,93.0501,17.6307,10.534,7.12347,5.73766,5.11761,4.93625,200.0,200.0,200.0,200.0,200.0,200.0,200.0,200.0,200.0,200.0,200.0,200.0,200.0,200.0,200.0,200.0,200.0,200.0,16.2891,200.0,198.104,200.0,200.0,200.0,200.0,200.0,200.0,200.0,200.0,200.0,200.0,200.0,200.0,200.0,200.0,200.0
1,0.0,0.0,96.34850989467006,-0.0121282,-0.2578905954195641,5.06068,5.22618,5.79347,6.99921,9.54671,13.0273,15.9239,20.2115,26.6686,36.1783,49.1555,65.2347,91.7428,18.0134,10.6397,7.16289,5.75704,5.12732,4.93941,200.0,200.0,200.0,200.0,200.0,200.0,200.0,200.0,200.0,200.0,200.0,200.0,200.0,200.0,200.0,200.0,200.0,200.0,16.2505,200.0,197.441,200.0,200.0,200.0,200.0,200.0,200.0,200.0,200.0,200.0,200.0,200.0,200.0,200.0,200.0,200.0
1,0.0,-0.7000000000000001,96.2965417072555,-0.0110905,-0.5156345136435746,5.05565,5.21495,5.7735,6.96333,9.47364,12.8931,15.7322,19.9293,26.2503,35.5846,48.3889,64.3158,90.4478,18.4315,10.7532,7.20613,5.77918,5.13934,4.94476,200.0,200.0,200.0,200.0,200.0,200.0,200.0,200.0,200.0,200.0,200.0,200.0,200.0,200.0,200.0,200.0,200.0,200.0,16.2132,200.0,196.777,200.0,200.0,200.0,200.0,200.0,200.0,200.0,200.0,200.0,200.0,200.0,200.0,200.0,200.0,200.0
1,0.0,-0.7000000000000001,96.2027656673346,-0.00996494,-0.6413918741812488,5.05013,5.20633,5.76031,6.9418,9.43283,12.8214,15.6319,19.7842,26.0385,35.2873,48.0074,63.8851,90.1411,18.6605,10.8168,7.23206,5.79372,5.14848,4.9505,200.0,200.0,200.0,200.0,200.0,200.0,200.0,200.0,200.0,200.0,200.0,200.0,200.0,200.0,200.0,200.0,200.0,200.0,16.1771,200.0,196.112,200.0,200.0,200.0,200.0,200.0,200.0,200.0,200.0,200.0,200.0,200.0,200.0,200.0,200.0,200.0
1,0.0,-0.7000000000000001,96.00552009453534,-0.00954304,-0.4163512409877153,5.04785,5.20922,5.77011,6.9639,9.48424,12.922,15.7796,20.0073,26.3769,35.7774,48.6508,64.7876,92.7925,18.3148,10.7318,7.20386,5.78207,5.14482,4.95242,200.0,200.0,200.0,200.0,200.0,200.0,200.0,200.0,200.0,200.0,200.0,200.0,200.0,200.0,200.0,200.0,200.0,200.0,16.1427,200.0,195.444,200.0,200.0,200.0,200.0,200.0,200.0,200.0,200.0,200.0,200.0,200.0,200.0,200.0,200.0,200.0
1,0.0,-0.7000000000000001,95.74834714448437,-0.0101245,0.11927262421238348,5.05064,5.22465,5.80296,7.02838,9.62375,13.1868,16.1635,20.5803,27.2349,37.0011,50.2333,67.0496,101.762,17.5242,10.5183,7.12656,5.74568,5.12823,4.94938,200.0,200.0,200.0,200.0,200.0,200.0,200.0,200.0,200.0,200.0,200.0,200.0,200.0,200.0,200.0,200.0,200.0,200.0,16.1103,200.0,194.774,200.0,200.0,200.0,200.0,200.0,200.0,200.0,200.0,200.0,200.0,200.0,200.0,200.0,200.0,200.0
1,0.0,-0.7000000000000001,95.48524481700782,-0.0118836,0.8944444139787281,5.06001,5.25262,5.85723,7.13097,9.84213,13.5995,16.7613,21.4703,28.5573,38.8608,52.5972,70.7096,31.7373,16.5079,10.2166,7.01208,5.68939,5.1005,4.94121,200.0,200.0,200.0,200.0,200.0,200.0,200.0,200.0,200.0,200.0,200.0,200.0,200.0,200.0,200.0,200.0,200.0,200.0,16.08,200.0,194.101,200.0,200.0,200.0,200.0,200.0,200.0,200.0,200.0,200.0,200.0,200.0,200.0,200.0,200.0,200.0
1,0.0,-0.7000000000000001,95.13488946352544,-0.0149566,1.8545784391692053,5.07735,5.29352,5.93221,7.26965,10.1354,14.155,17.567,22.668,30.3212,41.296,55.6292,75.9931,24.6981,15.4204,9.8599,6.87041,5.61729,5.06315,4.92789,200.0,200.0,200.0,200.0,200.0,200.0,200.0,200.0,200.0,200.0,200.0,200.0,200.0,200.0,200.0,200.0,200.0,200.0,16.0524,193.425,200.0,200.0,200.0,200.0,200.0,200.0,200.0,200.0,200.0,200.0,200.0,200.0,200.0,200.0,200.0,200.0
1,0.0,0.0,94.85888809679396,-0.0194584,2.9614756035824423,5.10385,5.34793,6.02805,7.44428,10.5044,14.8581,18.5894,24.1845,32.5279,44.2752,59.2772,83.3854,21.1265,14.3465,9.47201,6.70906,5.53249,5.0174,4.90952,200.0,200.0,200.0,200.0,200.0,200.0,200.0,200.0,200.0,200.0,200.0,200.0,200.0,200.0,200.0,200.0,200.0,16.0271,200.0,192.746,200.0,200.0,200.0,200.0,200.0,200.0,200.0,200.0,200.0,200.0,200.0,200.0,200.0,200.0,200.0,200.0
1,0.0,0.0,94.6139347666971,-0.0254363,4.168565897630208,5.14026,5.41583,6.14393,7.65314,10.9471,15.7082,19.8286,26.015,35.1481,47.722,63.8891,95.2814,18.5784,13.34,9.07469,6.53587,5.43851,4.96473,4.88625,200.0,200.0,200.0,200.0,200.0,200.0,200.0,200.0,200.0,200.0,200.0,200.0,200.0,200.0,200.0,200.0,200.0,16.0043,200.0,192.065,200.0,200.0,200.0,200.0,200.0,200.0,200.0,200.0,200.0,200.0,200.0,200.0,200.0,200.0,200.0,200.0
1,0.0,0.0,94.52715833709622,-0.0325524,5.286693034828009,5.18398,5.49,6.26582,7.86927,11.4041,16.5892,21.1124,27.8958,37.7859,51.0965,69.0811,174.146,16.8048,12.5161,8.72203,6.37378,5.34676,4.91035,4.8587,200.0,200.0,200.0,200.0,200.0,200.0,200.0,200.0,200.0,200.0,200.0,200.0,200.0,200.0,200.0,200.0,200.0,15.9833,200.0,191.381,200.0,200.0,200.0,200.0,200.0,200.0,200.0,200.0,200.0,200.0,200.0,200.0,200.0,200.0,200.0,200.0
1,0.0,0.0,94.46044685819265,-0.0399213,5.947015434560379,5.22665,5.55205,6.35947,8.02614,11.7225,17.1896,21.9755,29.1365,39.4806,53.2042,72.8583,28.2481,15.8744,12.0349,8.49728,6.26108,5.27695,4.8633,4.82738,200.0,200.0,200.0,200.0,200.0,200.0,200.0,200.0,200.0,200.0,200.0,200.0,200.0,200.0,200.0,200.0,200.0,15.9634,200.0,190.694,200.0,200.0,200.0,200.0,200.0,200.0,200.0,200.0,200.0,200.0,200.0,200.0,200.0,200.0,200.0,200.0
1,0.0,0.0,94.37911957747684,-0.0478296,6.283227068743146,5.26958,5.60629,6.43329,8.13926,11.9334,17.5646,22.498,29.8625,40.4378,54.3588,75.2795,25.6124,15.3623,11.7468,8.34876,6.17763,5.21911,4.81862,4.79071,200.0,200.0,200.0,200.0,200.0,200.0,200.0,200.0,200.0,200.0,200.0,200.0,200.0,200.0,200.0,200.0,200.0,15.9447,200.0,190.005,200.0,200.0,200.0,200.0,200.0,200.0,200.0,200.0,200.0,200.0,200.0,200.0,200.0,200.0,200.0,200.0
1,0.0,0.0,94.2973821851351,-0.0564602,6.408361051199718,5.31421,5.65694,6.49557,8.22482,12.0729,17.7856,22.7859,30.2349,40.8959,54.879,76.6477,24.5701,15.0705,11.5657,8.24275,6.10958,5.16647,4.77328,4.74847,200.0,200.0,200.0,200.0,200.0,200.0,200.0,200.0,200.0,200.0,200.0,200.0,200.0,200.0,200.0,200.0,200.0,15.9274,200.0,189.314,200.0,200.0,200.0,200.0,200.0,200.0,200.0,200.0,200.0,200.0,200.0,200.0,200.0,200.0,200.0,200.0
1,0.0,0.0,94.73946790649936,-0.0657659,6.405610853783091,5.36099,5.70652,6.55195,8.29476,12.1697,17.9126,22.9297,30.39,41.0489,55.0187,77.3133,24.1242,14.8952,11.4418,8.15898,6.04885,5.11544,4.72621,4.70161,200.0,200.0,200.0,200.0,200.0,200.0,200.0,200.0,200.0,200.0,200.0,200.0,200.0,200.0,200.0,200.0,200.0,15.9102,200.0,188.619,200.0,200.0,200.0,200.0,200.0,200.0,200.0,200.0,200.0,200.0,200.0,200.0,200.0,200.0,200.0,200.0
1,0.0,0.0,95.42381320667322,-0.0755471,6.3482577784904946,5.40959,5.75657,6.60687,8.35921,12.2497,18.0011,23.0141,30.4552,41.0747,55.006,77.6804,23.8868,14.7635,11.3387,8.08256,5.98983,5.06401,4.67746,4.65185,200.0,200.0,200.0,200.0,200.0,200.0,200.0,200.0,200.0,200.0,200.0,200.0,200.0,200.0,200.0,200.0,200.0,15.8899,200.0,187.917,200.0,200.0,200.0,200.0,200.0,200.0,200.0,200.0,200.0,200.0,200.0,200.0,200.0,200.0,200.0,200.0
1,0.0,0.0,96.12206138448377,-0.0857133,6.228165824631074,5.4595,5.8063,6.65903,8.41599,12.3085,18.0433,23.0278,30.4146,40.9529,54.808,77.6727,23.8852,14.6836,11.2611,8.01581,5.93374,5.01294,4.62753,4.59956,200.0,200.0,200.0,200.0,200.0,200.0,200.0,200.0,200.0,200.0,200.0,200.0,200.0,200.0,200.0,200.0,200.0,15.8661,200.0,187.209,200.0,200.0,200.0,200.0,200.0,200.0,200.0,200.0,200.0,200.0,200.0,200.0,200.0,200.0,200.0,200.0
1,0.0,0.0,96.81217747173771,-0.0961587,6.0448193301892115,5.51018,5.85508,6.70765,8.46412,12.3448,18.0377,22.97,30.2684,40.6839,54.4188,77.2718,24.1432,14.6581,11.2104,7.95966,5.88121,4.96279,4.57703,4.54539,200.0,200.0,200.0,200.0,200.0,200.0,200.0,200.0,200.0,200.0,200.0,200.0,200.0,200.0,200.0,200.0,200.0,15.8388,200.0,186.495,200.0,200.0,200.0,200.0,200.0,200.0,200.0,200.0,200.0,200.0,200.0,200.0,200.0,200.0,200.0,200.0
1,0.0,0.0,97.49668771552955,-0.106753,5.813573564074411,5.5612,5.90281,6.75324,8.50521,12.3638,17.9963,22.8593,30.0447,40.3075,53.8868,76.5738,24.6499,14.6762,11.181,7.91182,5.83167,4.91364,4.52636,4.49015,200.0,200.0,200.0,200.0,200.0,200.0,200.0,200.0,200.0,200.0,200.0,200.0,200.0,200.0,200.0,200.0,200.0,15.8081,200.0,185.774,200.0,200.0,200.0,200.0,200.0,200.0,200.0,200.0,200.0,200.0,200.0,200.0,200.0,200.0,200.0,200.0
1,0.0,0.0,98.17909174992954,-0.117354,5.554270054732054,5.61203,5.94946,6.79645,8.54146,12.3718,17.9339,22.7188,29.7783,39.8717,53.2746,75.7082,25.3983,14.7235,11.1653,7.86952,5.78433,4.86549,4.47607,4.43479,200.0,200.0,200.0,200.0,200.0,200.0,200.0,200.0,200.0,200.0,200.0,200.0,200.0,200.0,200.0,200.0,200.0,15.7739,200.0,185.048,200.0,200.0,200.0,200.0,200.0,200.0,200.0,200.0,200.0,200.0,200.0,200.0,200.0,200.0,200.0,200.0
1,0.0,-0.7000000000000001,98.86102349113246,-0.127827,5.282241152759842,5.66219,5.99498,6.83778,8.57453,12.3738,17.8619,22.5655,29.4952,39.4133,52.6307,74.7765,26.4248,14.7886,11.1578,7.83069,5.7387,4.81844,4.42661,4.38012,200.0,200.0,200.0,200.0,200.0,200.0,200.0,200.0,200.0,200.0,200.0,200.0,200.0,200.0,200.0,200.0,200.0,15.7362,200.0,184.315,200.0,200.0,200.0,200.0,200.0,200.0,200.0,200.0,200.0,200.0,200.0,200.0,200.0,200.0,200.0,200.0
1,0.0,-0.7000000000000001,99.51003297921898,-0.138329,5.106675425175855,5.71338,6.04416,6.88683,8.62339,12.4129,17.8655,22.5247,29.3777,39.1852,52.2931,74.475,26.9321,14.7542,11.0997,7.77034,5.6841,4.76723,4.37566,4.32611,200.0,200.0,200.0,200.0,200.0,200.0,200.0,200.0,200.0,200.0,200.0,200.0,200.0,200.0,200.0,200.0,200.0,15.695,200.0,183.577,200.0,200.0,200.0,200.0,200.0,200.0,200.0,200.0,200.0,200.0,200.0,200.0,200.0,200.0,200.0,200.0
1,0.0,-0.7000000000000001,100.07041566204667,-0.149392,5.206398729418375,5.76978,6.10645,6.96108,8.72134,12.5627,18.0876,22.8026,29.7237,39.5988,52.8335,76.0087,25.3504,14.4231,10.8924,7.64567,5.60162,4.70185,4.31811,4.27125,200.0,200.0,200.0,200.0,200.0,200.0,200.0,200.0,200.0,200.0,200.0,200.0,200.0,200.0,200.0,200.0,200.0,15.6511,200.0,182.833,200.0,200.0,200.0,200.0,200.0,200.0,200.0,200.0,200.0,200.0,200.0,200.0,200.0,200.0,200.0,200.0
1,0.0,0.0,100.56849833877908,-0.161201,5.568805993994523,5.83234,6.1828,7.06154,8.86945,12.8242,18.5285,23.3976,30.5261,40.637,54.3059,79.6264,22.8269,13.8372,10.5511,7.46146,5.49242,4.62239,4.25342,4.21455,200.0,200.0,200.0,200.0,200.0,200.0,200.0,200.0,200.0,200.0,200.0,200.0,200.0,200.0,200.0,200.0,200.0,15.6049,200.0,182.082,200.0,200.0,200.0,200.0,200.0,200.0,200.0,200.0,200.0,200.0,200.0,200.0,200.0,200.0,200.0,200.0
1,0.0,0.0,101.0680044443875,-0.173889,6.14164919756632,5.90186,6.27285,7.18636,9.06328,13.1871,19.1669,24.2766,31.7305,42.2112,56.719,88.0749,20.3324,13.0971,10.1188,7.23308,5.36209,4.53107,4.18209,4.15518,200.0,200.0,200.0,200.0,200.0,200.0,200.0,200.0,200.0,200.0,200.0,200.0,200.0,200.0,200.0,200.0,200.0,15.5571,200.0,181.326,200.0,200.0,200.0,200.0,200.0,200.0,200.0,200.0,200.0,200.0,200.0,200.0,200.0,200.0,200.0,200.0
1,0.0,0.0,101.70627863942049,-0.187272,6.764798095550604,5.97615,6.36994,7.32215,9.27648,13.5916,19.8845,25.2656,33.0808,43.9609,59.6723,166.713,18.3573,12.375,9.6828,6.99771,5.22631,4.43554,4.10738,4.09306,200.0,200.0,200.0,200.0,200.0,200.0,200.0,200.0,200.0,200.0,200.0,200.0,200.0,200.0,200.0,200.0,200.0,15.507,200.0,180.564,200.0,200.0,200.0,200.0,200.0,200.0,200.0,200.0,200.0,200.0,200.0,200.0,200.0,200.0,200.0,200.0
1,0.0,0.0,102.4059897284174,-0.200556,7.086513897516561,6.04692,6.4548,7.43228,9.43725,13.8732,20.3538,25.8899,33.9009,44.9835,61.6391,155.355,17.321,11.9201,9.38785,6.82366,5.11627,4.35201,4.03689,4.02899,200.0,200.0,200.0,200.0,200.0,200.0,200.0,200.0,200.0,200.0,200.0,200.0,200.0,200.0,200.0,200.0,200.0,15.4533,200.0,179.796,200.0,200.0,200.0,200.0,200.0,200.0,200.0,200.0,200.0,200.0,200.0,200.0,200.0,200.0,200.0,200.0
1,0.0,0.0,103.10344143509077,-0.213845,7.1745202148486555,6.11496,6.52987,7.52171,9.5551,14.0526,20.6154,26.2099,34.2839,45.4182,62.6677,149.057,16.7771,11.6373,9.18766,6.69198,5.02409,4.27659,3.96889,3.96278,200.0,200.0,200.0,200.0,200.0,200.0,200.0,200.0,200.0,200.0,200.0,200.0,200.0,200.0,200.0,200.0,200.0,15.396,200.0,179.021,200.0,200.0,200.0,200.0,200.0,200.0,200.0,200.0,200.0,200.0,200.0,200.0,200.0,200.0,200.0,200.0
1,0.0,0.0,103.79733578486201,-0.227261,7.118828717161939,6.18181,6.5993,7.5986,9.64637,14.1679,20.7461,26.3387,34.3943,45.4889,63.0618,145.357,16.4826,11.4483,9.03987,6.58366,4.94143,4.20518,3.90168,3.89464,200.0,200.0,200.0,200.0,200.0,200.0,200.0,200.0,200.0,200.0,200.0,200.0,200.0,200.0,200.0,200.0,200.0,15.3352,200.0,178.241,200.0,200.0,200.0,200.0,200.0,200.0,200.0,200.0,200.0,200.0,200.0,200.0,200.0,200.0,200.0,200.0
1,0.0,0.0,104.48920078134317,-0.240796,6.969859690427926,6.24805,6.66514,7.66733,9.72023,14.241,20.7916,26.3439,34.329,45.3259,63.0228,143.153,16.3364,11.3162,8.92385,6.48938,4.86442,4.13605,3.83476,3.82514,200.0,200.0,200.0,200.0,200.0,200.0,200.0,200.0,200.0,200.0,200.0,200.0,200.0,200.0,200.0,200.0,200.0,15.2711,200.0,177.454,200.0,200.0,200.0,200.0,200.0,200.0,200.0,200.0,200.0,200.0,200.0,200.0,200.0,200.0,200.0,200.0
1,0.0,0.0,105.1811626396247,-0.254368,6.760500912087123,6.31371,6.72843,7.73038,9.78227,14.2865,20.7821,26.2701,34.1528,45.0172,62.6998,141.839,16.2859,11.2201,8.82783,6.404,4.79105,4.06849,3.76823,3.75506,200.0,200.0,200.0,200.0,200.0,200.0,200.0,200.0,200.0,200.0,200.0,200.0,200.0,200.0,200.0,200.0,200.0,15.2035,200.0,176.661,200.0,200.0,200.0,200.0,200.0,200.0,200.0,200.0,200.0,200.0,200.0,200.0,200.0,200.0,200.0,200.0
1,0.0,0.0,105.32952257750114,-0.267868,6.504159594545592,6.37848,6.78917,7.7884,9.83436,14.3097,20.7302,26.1364,33.8929,44.5986,62.1556,141.185,16.3157,11.1534,8.74818,6.32606,4.72102,4.00263,3.70248,3.68507,200.0,200.0,200.0,200.0,200.0,200.0,200.0,200.0,200.0,200.0,200.0,200.0,200.0,200.0,200.0,200.0,200.0,15.1337,200.0,175.864,200.0,200.0,200.0,200.0,200.0,200.0,200.0,200.0,200.0,200.0,200.0,200.0,200.0,200.0,200.0,200.0
1,0.0,0.0,105.27118292529804,-0.281148,6.218081767436772,6.44185,6.84734,7.8421,9.87875,14.3172,20.6504,25.9648,33.582,44.1126,61.4734,140.952,16.408,11.1083,8.68071,6.25407,4.65402,3.93872,3.63815,3.61616,200.0,200.0,200.0,200.0,200.0,200.0,200.0,200.0,200.0,200.0,200.0,200.0,200.0,200.0,200.0,200.0,200.0,15.0646,200.0,175.065,200.0,200.0,200.0,200.0,200.0,200.0,200.0,200.0,200.0,200.0,200.0,200.0,200.0,200.0,200.0,200.0
1,0.0,0.0,105.2150069617557,-0.294083,5.927420277966906,6.50352,6.90347,7.89316,9.9195,14.3195,20.5646,25.7874,33.2653,43.6208,60.7768,140.775,16.5272,11.071,8.61798,6.18501,4.58916,3.87666,3.57558,3.5491,200.0,200.0,200.0,200.0,200.0,200.0,200.0,200.0,200.0,200.0,200.0,200.0,200.0,200.0,200.0,200.0,200.0,14.9964,200.0,174.264,200.0,200.0,200.0,200.0,200.0,200.0,200.0,200.0,200.0,200.0,200.0,200.0,200.0,200.0,200.0,200.0
1,0.0,0.0,105.15846033941237,-0.306583,5.6388558140272185,6.56314,6.95733,7.94163,9.95725,14.3187,20.4773,25.6109,32.9535,43.1382,60.0964,140.561,16.667,11.0393,8.55899,6.11869,4.52657,3.81674,3.5152,3.48442,200.0,200.0,200.0,200.0,200.0,200.0,200.0,200.0,200.0,200.0,200.0,200.0,200.0,200.0,200.0,200.0,200.0,14.9289,200.0,173.463,200.0,200.0,200.0,200.0,200.0,200.0,200.0,200.0,200.0,200.0,200.0,200.0,200.0,200.0,200.0,200.0
1,0.0,0.0,105.10321190375213,-0.318582,5.352646206625518,6.62038,7.00862,7.9872,9.9916,14.3142,20.388,25.4347,32.6457,42.6643,59.4317,140.308,16.8317,11.0144,8.50462,6.05573,4.46671,3.75935,3.45731,3.42242,200.0,200.0,200.0,200.0,200.0,200.0,200.0,200.0,200.0,200.0,200.0,200.0,200.0,200.0,200.0,200.0,200.0,14.8621,200.0,172.66,200.0,200.0,200.0,200.0,200.0,200.0,200.0,200.0,200.0,200.0,200.0,200.0,200.0,200.0,200.0,200.0
1,0.0,0.0,105.04709857053372,-0.330035,5.067909100757303,6.675,7.05708,8.02954,10.0221,14.3055,20.2955,25.2572,32.3394,42.196,58.7771,140.028,17.0286,10.998,8.45597,5.99673,4.40999,3.70475,3.40218,3.36332,200.0,200.0,200.0,200.0,200.0,200.0,200.0,200.0,200.0,200.0,200.0,200.0,200.0,200.0,200.0,200.0,200.0,14.7958,200.0,171.856,200.0,200.0,200.0,200.0,200.0,200.0,200.0,200.0,200.0,200.0,200.0,200.0,200.0,200.0,200.0,200.0
1,0.0,0.0,104.99204615282704,-0.340908,4.783802248463734,6.72682,7.10252,8.06841,10.0484,14.2918,20.1985,25.0768,32.0327,41.7307,58.1277,139.737,17.2655,10.992,8.41404,5.9423,4.35672,3.65318,3.34997,3.30728,200.0,200.0,200.0,200.0,200.0,200.0,200.0,200.0,200.0,200.0,200.0,200.0,200.0,200.0,200.0,200.0,200.0,14.7301,200.0,171.051,200.0,200.0,200.0,200.0,200.0,200.0,200.0,200.0,200.0,200.0,200.0,200.0,200.0,200.0,200.0,200.0
1,0.0,0.0,105.33002271126307,-0.351208,4.499827176463044,6.77588,7.14496,8.10385,10.0706,14.2732,20.0972,24.893,31.7249,41.2672,57.4817,139.434,17.551,10.9972,8.37912,5.89249,4.30692,3.60466,3.30066,3.25424,200.0,200.0,200.0,200.0,200.0,200.0,200.0,200.0,200.0,200.0,200.0,200.0,200.0,200.0,200.0,200.0,200.0,14.6639,200.0,170.244,200.0,200.0,200.0,200.0,200.0,200.0,200.0,200.0,200.0,200.0,200.0,200.0,200.0,200.0,200.0,200.0
1,0.0,0.0,105.77301149741332,-0.360942,4.214734836761849,6.82222,7.18438,8.13578,10.0886,14.2492,19.9903,24.7047,31.4139,40.8028,56.8348,139.125,17.8976,11.015,8.35199,5.84761,4.26067,3.55919,3.25426,3.20419,200.0,200.0,200.0,200.0,200.0,200.0,200.0,200.0,200.0,200.0,200.0,200.0,200.0,200.0,200.0,200.0,200.0,14.5952,200.0,169.434,200.0,200.0,200.0,200.0,200.0,200.0,200.0,200.0,200.0,200.0,200.0,200.0,200.0,200.0,200.0,200.0
1,0.0,0.0,106.21400574263359,-0.37009,3.928032485656336,6.86577,7.22073,8.16416,10.1021,14.2198,19.8779,24.5113,31.0991,40.3365,56.185,138.818,18.322,11.0468,8.33326,5.80793,4.21818,3.5169,3.21082,3.15715,200.0,200.0,200.0,200.0,200.0,200.0,200.0,200.0,200.0,200.0,200.0,200.0,200.0,200.0,200.0,200.0,200.0,14.524,200.0,168.619,200.0,200.0,200.0,200.0,200.0,200.0,200.0,200.0,200.0,200.0,200.0,200.0,200.0,200.0,200.0,200.0
1,0.0,0.0,106.65400280717375,-0.37864,3.6397716893480676,6.90642,7.25394,8.18889,10.1112,14.1849,19.7596,24.3128,30.7802,39.868,55.5321,138.511,18.8465,11.094,8.32357,5.77375,4.17957,3.47788,3.17046,3.11322,200.0,200.0,200.0,200.0,200.0,200.0,200.0,200.0,200.0,200.0,200.0,200.0,200.0,200.0,200.0,200.0,200.0,14.4502,200.0,167.8,200.0,200.0,200.0,200.0,200.0,200.0,200.0,200.0,200.0,200.0,200.0,200.0,200.0,200.0,200.0,200.0
1,0.0,0.0,107.0940013335967,-0.386581,3.350032661928362,6.94417,7.28397,8.21,10.1159,14.1445,19.6357,24.1091,30.4575,39.3977,54.8762,138.204,19.5059,11.1579,8.32329,5.74529,4.14496,3.44225,3.13322,3.07246,200.0,200.0,200.0,200.0,200.0,200.0,200.0,200.0,200.0,200.0,200.0,200.0,200.0,200.0,200.0,200.0,200.0,14.374,200.0,166.977,200.0,200.0,200.0,200.0,200.0,200.0,200.0,200.0,200.0,200.0,200.0,200.0,200.0,200.0,200.0,200.0
1,0.0,0.0,107.53300060145439,-0.393896,3.058958642846001,6.97893,7.31074,8.22739,10.1161,14.0987,19.5063,23.9006,30.131,38.9254,54.2179,137.895,20.3609,11.2396,8.33311,5.72278,4.11452,3.41007,3.09921,3.03494,200.0,200.0,200.0,200.0,200.0,200.0,200.0,200.0,200.0,200.0,200.0,200.0,200.0,200.0,200.0,200.0,200.0,14.2952,200.0,166.151,200.0,200.0,200.0,200.0,200.0,200.0,200.0,200.0,200.0,200.0,200.0,200.0,200.0,200.0,200.0,200.0
1,0.0,0.0,107.97300026250329,-0.400579,2.766652764504109,7.01065,7.3343,8.24108,10.112,14.0476,19.3716,23.6873,29.8011,38.4517,53.5577,137.584,21.5373,11.3408,8.35351,5.70648,4.08832,3.38142,3.06845,3.00068,200.0,200.0,200.0,200.0,200.0,200.0,200.0,200.0,200.0,200.0,200.0,200.0,200.0,200.0,200.0,200.0,200.0,14.2139,200.0,165.321,200.0,200.0,200.0,200.0,200.0,200.0,200.0,200.0,200.0,200.0,200.0,200.0,200.0,200.0,200.0,200.0
1,0.0,0.0,108.41300015762236,-0.406622,2.4730634607011237,7.03934,7.35455,8.25108,10.1034,13.9912,19.2314,23.4691,29.4673,37.9763,52.8951,137.269,23.4188,11.4635,8.3852,5.69661,4.06651,3.3564,3.04101,2.96972,200.0,200.0,200.0,200.0,200.0,200.0,200.0,200.0,200.0,200.0,200.0,200.0,200.0,200.0,200.0,200.0,200.0,14.1301,200.0,164.487,200.0,200.0,200.0,200.0,200.0,200.0,200.0,200.0,200.0,200.0,200.0,200.0,200.0,200.0,200.0,200.0
1,0.0,0.0,108.85400018954088,-0.412007,2.1782480272165583,7.06488,7.37145,8.25733,10.0903,13.9295,19.0859,23.2463,29.1299,37.4991,52.2302,136.952,88.0675,11.6097,8.42892,5.69349,4.04925,3.33509,3.01697,2.94213,200.0,200.0,200.0,200.0,200.0,200.0,200.0,200.0,200.0,200.0,200.0,200.0,200.0,200.0,200.0,200.0,200.0,14.0437,200.0,163.649,200.0,200.0,200.0,200.0,200.0,200.0,200.0,200.0,200.0,200.0,200.0,200.0,200.0,200.0,200.0,200.0
1,0.0,0.0,109.29500024950534,-0.416725,1.8821147908031925,7.08725,7.38499,8.25977,10.0729,13.8625,18.935,23.0184,28.7888,37.02,51.5627,136.634,88.142,11.7819,8.48547,5.69743,4.03667,3.31761,2.99639,2.91798,200.0,200.0,200.0,200.0,200.0,200.0,200.0,200.0,200.0,200.0,200.0,200.0,200.0,200.0,200.0,200.0,200.0,13.9548,200.0,162.808,200.0,200.0,200.0,200.0,200.0,200.0,200.0,200.0,200.0,200.0,200.0,200.0,200.0,200.0,200.0,200.0
1,0.0,0.0,109.7380003103762,-0.420773,1.5848127204877596,7.10645,7.39514,8.25845,10.051,13.7903,18.7789,22.786,28.4441,36.5392,50.8931,136.313,88.1899,11.9829,8.5556,5.70865,4.02888,3.30399,2.97932,2.89726,200.0,200.0,200.0,200.0,200.0,200.0,200.0,200.0,200.0,200.0,200.0,200.0,200.0,200.0,200.0,200.0,200.0,13.8633,200.0,161.962,200.0,200.0,200.0,200.0,200.0,200.0,200.0,200.0,200.0,200.0,200.0,200.0,200.0,200.0,200.0,200.0
1,0.0,0.0,110.18100035633509,-0.42414,1.2862214951332824,7.12239,7.40187,8.25335,10.0247,13.7129,18.6175,22.5489,28.0956,36.0566,50.2207,135.99,88.2141,12.2161,8.64022,5.72749,4.02602,3.29434,2.96581,2.88005,200.0,200.0,200.0,200.0,200.0,200.0,200.0,200.0,200.0,200.0,200.0,200.0,200.0,200.0,200.0,200.0,200.0,13.7694,200.0,161.113,200.0,200.0,200.0,200.0,200.0,200.0,200.0,200.0,200.0,200.0,200.0,200.0,200.0,200.0,200.0,200.0
1,0.0,0.0,110.62500040699564,-0.426815,0.9863525738956636,7.13509,7.40517,8.24443,9.99397,13.6303,18.451,22.307,27.7433,35.5719,49.5455,135.666,88.2169,12.4855,8.7404,5.75424,4.02823,3.28873,2.95592,2.86636,200.0,200.0,200.0,200.0,200.0,200.0,200.0,200.0,200.0,200.0,200.0,200.0,200.0,200.0,200.0,200.0,200.0,13.6729,200.0,160.26,200.0,200.0,200.0,200.0,200.0,200.0,200.0,200.0,200.0,200.0,200.0,200.0,200.0,200.0,200.0,200.0
1,0.0,0.0,111.07100040730687,-0.428791,0.6852747117103185,7.14442,7.40497,8.23165,9.95884,13.5427,18.2793,22.0605,27.3874,35.0855,48.868,135.34,88.1992,12.796,8.8572,5.78927,4.03568,3.28728,2.94975,2.85626,200.0,200.0,200.0,200.0,200.0,200.0,200.0,200.0,200.0,200.0,200.0,200.0,200.0,200.0,200.0,200.0,200.0,13.5739,200.0,159.403,200.0,200.0,200.0,200.0,200.0,200.0,200.0,200.0,200.0,200.0,200.0,200.0,200.0,200.0,200.0,200.0
1,0.0,0.0,111.51600039628084,-0.43006,0.38297243871677894,7.15045,7.40129,8.21508,9.91933,13.4499,18.1026,21.8094,27.0278,34.5971,48.1878,135.013,88.1631,13.1536,8.99182,5.83293,4.04847,3.29004,2.94728,2.84976,200.0,200.0,200.0,200.0,200.0,200.0,200.0,200.0,200.0,200.0,200.0,200.0,200.0,200.0,200.0,200.0,200.0,13.4725,200.0,158.542,200.0,200.0,200.0,200.0,200.0,200.0,200.0,200.0,200.0,200.0,200.0,200.0,200.0,200.0,200.0,200.0
1,0.0,0.0,111.96300040152273,-0.43061,0.07941137744733696,7.15305,7.39406,8.19459,9.87536,13.3521,17.9207,21.5537,26.6644,34.1067,47.5047,134.684,88.1099,13.5663,9.14579,5.88564,4.06683,3.29713,2.94865,2.84696,200.0,200.0,200.0,200.0,200.0,200.0,200.0,200.0,200.0,200.0,200.0,200.0,200.0,200.0,200.0,200.0,200.0,13.3685,200.0,157.678,200.0,200.0,200.0,200.0,200.0,200.0,200.0,200.0,200.0,200.0,200.0,200.0,200.0,200.0,200.0,200.0
1,0.0,0.0,112.41000039460567,-0.430438,-0.22535174927628948,7.15224,7.38328,8.17028,9.82703,13.2493,17.7338,21.2934,26.2974,33.6144,46.8192,134.354,88.0402,14.0431,9.32041,5.94768,4.09083,3.30862,2.95388,2.84784,200.0,200.0,200.0,200.0,200.0,200.0,200.0,200.0,200.0,200.0,200.0,200.0,200.0,200.0,200.0,200.0,200.0,13.2622,200.0,156.81,200.0,200.0,200.0,200.0,200.0,200.0,200.0,200.0,200.0,200.0,200.0,200.0,200.0,200.0,200.0,200.0
1,0.0,0.0,112.85800039246567,-0.429527,-0.5313169414541004,7.14792,7.36888,8.14205,9.77428,13.1415,17.5419,21.0286,25.9267,33.1201,46.1307,134.023,87.9557,14.5979,9.51767,6.01965,4.12075,3.32463,2.96307,2.8525,200.0,200.0,200.0,200.0,200.0,200.0,200.0,200.0,200.0,200.0,200.0,200.0,200.0,200.0,200.0,200.0,200.0,13.1534,200.0,155.938,200.0,200.0,200.0,200.0,200.0,200.0,200.0,200.0,200.0,200.0,200.0,200.0,200.0,200.0,200.0,200.0
1,0.0,0.0,113.29900039046895,-0.427873,-0.8384836261283006,7.14009,7.35085,8.10989,9.71709,13.0286,17.3451,20.7592,25.5522,32.6238,45.4393,133.69,87.8567,15.2488,9.73938,6.10197,4.15673,3.34528,2.97626,2.86095,200.0,200.0,200.0,200.0,200.0,200.0,200.0,200.0,200.0,200.0,200.0,200.0,200.0,200.0,200.0,200.0,200.0,13.0422,200.0,155.063,200.0,200.0,200.0,200.0,200.0,200.0,200.0,200.0,200.0,200.0,200.0,200.0,200.0,200.0,200.0,200.0
1,0.0,-0.7000000000000001,113.73800039123671,-0.425467,-1.1467692973763912,7.12868,7.32921,8.07384,9.65557,12.9109,17.1434,20.4854,25.1742,32.1257,44.7456,133.356,87.744,16.0211,9.98779,6.19496,4.19888,3.37061,2.9935,2.87326,200.0,200.0,200.0,200.0,200.0,200.0,200.0,200.0,200.0,200.0,200.0,200.0,200.0,200.0,200.0,200.0,200.0,12.9287,200.0,154.184,200.0,200.0,200.0,200.0,200.0,200.0,200.0,200.0,200.0,200.0,200.0,200.0,200.0,200.0,200.0,200.0
1,0.0,-0.7000000000000001,114.14284215992154,-0.422654,-1.3285115099918885,7.11508,7.30939,8.04493,9.61044,12.8305,17.0115,20.31,24.9364,31.8581,44.5084,131.283,86.7094,16.5945,10.1685,6.26673,4.23439,3.39392,3.01102,2.88752,200.0,200.0,200.0,200.0,200.0,200.0,200.0,200.0,200.0,200.0,200.0,200.0,200.0,200.0,200.0,200.0,200.0,12.8133,200.0,153.3,200.0,200.0,200.0,200.0,200.0,200.0,200.0,200.0,200.0,200.0,200.0,200.0,200.0,200.0,200.0,200.0
1,0.0,-0.7000000000000001,114.44967692670551,-0.42019,-1.1718247417574623,7.10237,7.30138,8.04238,9.61697,12.8581,17.0733,20.4027,25.0759,32.2232,45.5456,124.974,83.2283,16.3062,10.1097,6.25981,4.23997,3.40263,3.02141,2.89966,200.0,200.0,200.0,200.0,200.0,200.0,200.0,200.0,200.0,200.0,200.0,200.0,200.0,200.0,200.0,200.0,200.0,12.6968,200.0,152.413,200.0,200.0,200.0,200.0,200.0,200.0,200.0,200.0,200.0,200.0,200.0,200.0,200.0,200.0,200.0,200.0
1,0.0,-0.7000000000000001,114.6966262187567,-0.418371,-0.7211705175752646,7.09239,7.30562,8.06497,9.67136,12.9844,17.3112,20.7391,25.5636,33.2177,47.9346,116.015,77.3843,15.3726,9.84752,6.18233,4.21729,3.39677,3.02392,2.90837,200.0,200.0,200.0,200.0,200.0,200.0,200.0,200.0,200.0,200.0,200.0,200.0,200.0,200.0,200.0,200.0,200.0,12.5801,200.0,151.521,200.0,200.0,200.0,200.0,200.0,200.0,200.0,200.0,200.0,200.0,200.0,200.0,200.0,200.0,200.0,200.0
1,0.0,-0.7000000000000001,114.929125401353,-0.417404,-0.053476729329637825,7.08704,7.32162,8.10947,9.76594,13.1927,17.6957,21.2785,26.382,34.8286,51.8113,106.242,69.049,14.1956,9.45926,6.05413,4.17239,3.37856,3.01901,2.91298,200.0,200.0,200.0,200.0,200.0,200.0,200.0,200.0,200.0,200.0,200.0,200.0,200.0,200.0,200.0,200.0,200.0,12.4634,200.0,150.624,200.0,200.0,200.0,200.0,200.0,200.0,200.0,200.0,200.0,200.0,200.0,200.0,200.0,200.0,200.0,200.0
1,0.0,0.0,115.1507639566722,-0.417431,0.7686859075254637,7.08777,7.34907,8.17339,9.89498,13.471,18.2064,21.9931,27.5302,37.1044,58.3782,96.7777,55.1867,13.0135,9.00912,5.89273,4.11073,3.35007,3.0073,2.91311,200.0,200.0,200.0,200.0,200.0,200.0,200.0,200.0,200.0,200.0,200.0,200.0,200.0,200.0,200.0,200.0,200.0,12.3469,200.0,149.724,200.0,200.0,200.0,200.0,200.0,200.0,200.0,200.0,200.0,200.0,200.0,200.0,200.0,200.0,200.0,200.0
1,0.0,0.0,115.38815434250186,-0.418567,1.693302278995781,7.09578,7.38763,8.25471,10.0539,13.8099,18.8272,22.861,29.0227,40.1502,134.687,88.1543,29.2963,11.9264,8.5414,5.71192,4.03684,3.31313,2.9893,2.90846,200.0,200.0,200.0,200.0,200.0,200.0,200.0,200.0,200.0,200.0,200.0,200.0,200.0,200.0,200.0,200.0,12.231,200.0,200.0,148.819,200.0,200.0,200.0,200.0,200.0,200.0,200.0,200.0,200.0,200.0,200.0,200.0,200.0,200.0,200.0,200.0
1,0.0,0.0,115.76483468693456,-0.420616,2.583466698244882,7.10992,7.43177,8.34184,10.2203,14.1622,19.4728,23.7951,30.7141,43.7767,118.837,79.9857,20.9585,11.0484,8.12531,5.53987,3.96237,3.27363,2.96796,2.89994,200.0,200.0,200.0,200.0,200.0,200.0,200.0,200.0,200.0,200.0,200.0,200.0,200.0,200.0,200.0,200.0,12.1149,200.0,147.909,200.0,200.0,200.0,200.0,200.0,200.0,200.0,200.0,200.0,200.0,200.0,200.0,200.0,200.0,200.0,200.0,200.0
1,0.0,0.0,116.19808834765664,-0.422897,3.1261665922148465,7.12454,7.46513,8.40268,10.3324,14.3956,19.8977,24.4592,31.989,46.7308,109.42,73.7022,18.2518,10.5613,7.87718,5.43028,3.91148,3.24442,2.9501,2.88992,200.0,200.0,200.0,200.0,200.0,200.0,200.0,200.0,200.0,200.0,200.0,200.0,200.0,200.0,200.0,200.0,11.9974,200.0,146.995,200.0,200.0,200.0,200.0,200.0,200.0,200.0,200.0,200.0,200.0,200.0,200.0,200.0,200.0,200.0,200.0,200.0
1,0.0,0.0,116.61465163391482,-0.425566,3.3944025135832923,7.13968,7.48997,8.44227,10.3998,14.5281,20.1315,24.8701,32.8428,48.8865,103.581,69.127,17.2306,10.3058,7.73783,5.36287,3.87633,3.22156,2.93353,2.87733,200.0,200.0,200.0,200.0,200.0,200.0,200.0,200.0,200.0,200.0,200.0,200.0,200.0,200.0,200.0,200.0,11.8789,200.0,146.076,200.0,200.0,200.0,200.0,200.0,200.0,200.0,200.0,200.0,200.0,200.0,200.0,200.0,200.0,200.0,200.0,200.0
1,0.0,0.0,117.02948281209531,-0.428771,3.468468767759854,7.15628,7.50983,8.46773,10.436,14.5882,20.2263,25.0869,33.3566,50.3542,99.7682,65.9061,16.861,10.1867,7.6645,5.32079,3.84987,3.2014,2.91635,2.86151,200.0,200.0,200.0,200.0,200.0,200.0,200.0,200.0,200.0,200.0,200.0,200.0,200.0,200.0,200.0,200.0,11.7593,200.0,145.152,200.0,200.0,200.0,200.0,200.0,200.0,200.0,200.0,200.0,200.0,200.0,200.0,200.0,200.0,200.0,200.0,200.0
1,0.0,0.0,117.44818498520002,-0.432495,3.3939670656589933,7.17441,7.52626,8.48281,10.4487,14.5928,20.2205,25.1468,33.5845,51.3115,97.2662,63.8241,16.8935,10.1631,7.63776,5.29644,3.82917,3.18261,2.89812,2.84262,200.0,200.0,200.0,200.0,200.0,200.0,200.0,200.0,200.0,200.0,200.0,200.0,200.0,200.0,200.0,200.0,11.6389,200.0,144.223,200.0,200.0,200.0,200.0,200.0,200.0,200.0,200.0,200.0,200.0,200.0,200.0,200.0,200.0,200.0,200.0,200.0
1,0.0,0.0,117.87263643176452,-0.436641,3.207280227271517,7.19389,7.54034,8.49024,10.4439,14.5561,20.142,25.0863,33.5864,51.7786,95.6438,62.6376,17.2361,10.211,7.64552,5.28487,3.81242,3.1646,2.87892,2.8213,200.0,200.0,200.0,200.0,200.0,200.0,200.0,200.0,200.0,200.0,200.0,200.0,200.0,200.0,200.0,200.0,11.5176,200.0,143.29,200.0,200.0,200.0,200.0,200.0,200.0,200.0,200.0,200.0,200.0,200.0,200.0,200.0,200.0,200.0,200.0,200.0
1,0.0,0.0,118.30313396531652,-0.441052,2.942436216050245,7.21428,7.55267,8.49228,10.427,14.4913,20.015,24.9438,33.4306,51.8251,94.586,62.0592,17.765,10.3134,7.67875,5.28271,3.7987,3.14735,2.85924,2.79851,200.0,200.0,200.0,200.0,200.0,200.0,200.0,200.0,200.0,200.0,200.0,200.0,200.0,200.0,200.0,200.0,11.3953,200.0,142.352,200.0,200.0,200.0,200.0,200.0,200.0,200.0,200.0,200.0,200.0,200.0,200.0,200.0,200.0,200.0,200.0,200.0
1,0.0,0.0,118.736254262587,-0.445522,2.6302429726393624,7.23483,7.56358,8.49068,10.4025,14.4096,19.8616,24.7553,33.1842,51.5946,93.8473,61.8134,18.3889,10.4561,7.73026,5.28741,3.78747,3.13111,2.83978,2.77538,200.0,200.0,200.0,200.0,200.0,200.0,200.0,200.0,200.0,200.0,200.0,200.0,200.0,200.0,200.0,200.0,11.2716,200.0,141.409,200.0,200.0,200.0,200.0,200.0,200.0,200.0,200.0,200.0,200.0,200.0,200.0,200.0,200.0,200.0,200.0,200.0
1,0.0,0.0,119.17355975695895,-0.449868,2.294604296251726,7.25485,7.5731,8.48654,10.3736,14.3194,19.6987,24.5488,32.8998,51.2361,93.2516,61.6977,19.0524,10.6288,7.79486,5.29731,3.7786,3.11626,2.82127,2.75291,200.0,200.0,200.0,200.0,200.0,200.0,200.0,200.0,200.0,200.0,200.0,200.0,200.0,200.0,200.0,200.0,11.1465,200.0,140.462,200.0,200.0,200.0,200.0,200.0,200.0,200.0,200.0,200.0,200.0,200.0,200.0,200.0,200.0,200.0,200.0,200.0
1,0.0,0.0,119.61181544750933,-0.453905,1.9500905036175136,7.27351,7.58089,8.48017,10.3415,14.2249,19.5357,24.3403,32.608,50.8511,92.6953,61.5987,19.7222,10.8276,7.87059,5.31213,3.77248,3.10345,2.80449,2.73209,200.0,200.0,200.0,200.0,200.0,200.0,200.0,200.0,200.0,200.0,200.0,200.0,200.0,200.0,200.0,200.0,11.0198,200.0,139.51,200.0,200.0,200.0,200.0,200.0,200.0,200.0,200.0,200.0,200.0,200.0,200.0,200.0,200.0,200.0,200.0,200.0
1,0.0,0.0,120.05085576260065,-0.457481,1.6041844235411329,7.29012,7.58648,8.47135,10.3068,14.1278,19.3766,24.1366,32.323,50.4917,92.1281,61.4668,20.3819,11.0524,7.9575,5.3324,3.76978,3.09337,2.79017,2.71368,200.0,200.0,200.0,200.0,200.0,200.0,200.0,200.0,200.0,200.0,200.0,200.0,200.0,200.0,200.0,200.0,10.8914,200.0,138.555,200.0,200.0,200.0,200.0,200.0,200.0,200.0,200.0,200.0,200.0,200.0,200.0,200.0,200.0,200.0,200.0,200.0
1,0.0,0.0,120.49187801960379,-0.460486,1.2598024111998,7.30411,7.5894,8.45975,10.2692,14.0282,19.2225,23.9399,32.0491,50.1804,91.5308,61.2879,21.0252,11.3064,8.05683,5.3589,3.77107,3.08655,2.77882,2.69823,200.0,200.0,200.0,200.0,200.0,200.0,200.0,200.0,200.0,200.0,200.0,200.0,200.0,200.0,200.0,200.0,10.761,200.0,137.595,200.0,200.0,200.0,200.0,200.0,200.0,200.0,200.0,200.0,200.0,200.0,200.0,200.0,200.0,200.0,200.0,200.0
1,0.0,0.0,120.93240648581856,-0.462832,0.9177466075066987,7.31505,7.58924,8.44493,10.2282,13.9257,19.0728,23.7498,31.7863,49.9239,90.9004,61.0631,21.6524,11.5946,8.17045,5.39261,3.77706,3.08351,2.77091,2.6862,200.0,200.0,200.0,200.0,200.0,200.0,200.0,200.0,200.0,200.0,200.0,200.0,200.0,200.0,200.0,200.0,10.629,200.0,136.631,200.0,200.0,200.0,200.0,200.0,200.0,200.0,200.0,200.0,200.0,200.0,200.0,200.0,200.0,200.0,200.0,200.0
1,0.0,0.0,121.37218485205055,-0.464462,0.5777706406099221,7.32266,7.58572,8.42658,10.1834,13.8211,18.9266,23.5651,31.533,49.724,90.2399,60.7982,22.2655,11.9107,8.30042,5.43445,3.78825,3.08465,2.76676,2.67783,200.0,200.0,200.0,200.0,200.0,200.0,200.0,200.0,200.0,200.0,200.0,200.0,200.0,200.0,200.0,200.0,10.4948,200.0,135.663,200.0,200.0,200.0,200.0,200.0,200.0,200.0,200.0,200.0,200.0,200.0,200.0,200.0,200.0,200.0,200.0,200.0
1,0.0,0.0,121.81308287722251,-0.465308,0.2393473893379501,7.3266,7.57844,8.40427,10.1344,13.7176,18.783,23.3842,31.2865,49.5809,89.5548,60.5012,22.8683,12.2256,8.44932,5.48549,3.80526,3.0904,2.76674,2.67348,200.0,200.0,200.0,200.0,200.0,200.0,200.0,200.0,200.0,200.0,200.0,200.0,200.0,200.0,200.0,200.0,10.3587,200.0,134.691,200.0,200.0,200.0,200.0,200.0,200.0,200.0,200.0,200.0,200.0,200.0,200.0,200.0,200.0,200.0,200.0,200.0
1,0.0,0.0,122.2540367566898,-0.465351,-0.09814595143252464,7.32675,7.56735,8.37789,10.081,13.615,18.6411,23.2061,31.0451,49.4972,88.8502,60.1786,23.4633,12.5378,8.61911,5.54641,3.82835,3.10094,2.77097,2.67326,200.0,200.0,200.0,200.0,200.0,200.0,200.0,200.0,200.0,200.0,200.0,200.0,200.0,200.0,200.0,200.0,10.2207,200.0,133.715,200.0,200.0,200.0,200.0,200.0,200.0,200.0,200.0,200.0,200.0,200.0,200.0,200.0,200.0,200.0,200.0,200.0
1,0.0,0.0,122.695016223678,-0.464563,-0.43517519638894336,7.32301,7.55226,8.34729,10.0229,13.5129,18.5004,23.03,30.8072,49.4788,88.1302,59.8352,24.0526,12.8487,8.81214,5.61792,3.8579,3.11653,2.77962,2.67727,200.0,200.0,200.0,200.0,200.0,200.0,200.0,200.0,200.0,200.0,200.0,200.0,200.0,200.0,200.0,200.0,10.0805,200.0,132.735,200.0,200.0,200.0,200.0,200.0,200.0,200.0,200.0,200.0,200.0,200.0,200.0,200.0,200.0,200.0,200.0,200.0
1,0.0,0.0,123.13600719420667,-0.462923,-0.7721752204978104,7.31525,7.53309,8.31236,9.96012,13.4111,18.3605,22.8552,30.5718,49.5369,87.3984,59.4748,24.6381,13.1586,9.02309,5.70076,3.89422,3.13731,2.79282,2.68563,200.0,200.0,200.0,200.0,200.0,200.0,200.0,200.0,200.0,200.0,200.0,200.0,200.0,200.0,200.0,200.0,9.93831,200.0,131.751,200.0,200.0,200.0,200.0,200.0,200.0,200.0,200.0,200.0,200.0,200.0,200.0,200.0,200.0,200.0,200.0,200.0
1,0.0,-0.7000000000000001,123.57600327821153,-0.460404,-1.1094812040692774,7.30331,7.50968,8.2729,9.89233,13.3094,18.2207,22.6807,30.3374,49.6889,86.6579,59.1014,25.2225,13.4685,9.23515,5.79578,3.93768,3.16355,2.81077,2.6985,200.0,200.0,200.0,200.0,200.0,200.0,200.0,200.0,200.0,200.0,200.0,200.0,200.0,200.0,200.0,200.0,9.79418,200.0,130.763,200.0,200.0,200.0,200.0,200.0,200.0,200.0,200.0,200.0,200.0,200.0,200.0,200.0,200.0,200.0,200.0,200.0
1,0.0,-0.7000000000000001,123.9806816170463,-0.457357,-1.3167314977239988,7.28862,7.48777,8.24052,9.84128,13.255,18.1771,22.6593,30.3823,52.5429,85.0409,57.9772,25.2098,13.6045,9.36476,5.87231,3.97585,3.18867,2.82969,2.71395,200.0,200.0,200.0,200.0,200.0,200.0,200.0,200.0,200.0,200.0,200.0,200.0,200.0,200.0,200.0,200.0,9.64867,200.0,129.771,200.0,200.0,200.0,200.0,200.0,200.0,200.0,200.0,200.0,200.0,200.0,200.0,200.0,200.0,200.0,200.0,200.0
1,0.0,-0.7000000000000001,124.28510267084027,-0.454556,-1.1768495816207596,7.27423,7.47761,8.23507,9.84666,13.3303,18.3974,23.0605,31.2083,129.62,81.2815,54.9025,23.757,13.2906,9.27499,5.87491,3.98598,3.20032,2.84224,2.72781,200.0,200.0,200.0,200.0,200.0,200.0,200.0,200.0,200.0,200.0,200.0,200.0,200.0,200.0,200.0,200.0,9.50317,200.0,128.774,200.0,200.0,200.0,200.0,200.0,200.0,200.0,200.0,200.0,200.0,200.0,200.0,200.0,200.0,200.0,200.0,200.0
1,0.0,0.0,124.52309920904747,-0.452304,-0.7364684907052576,7.26208,7.47961,8.25519,9.90901,13.5302,18.8769,23.8879,32.861,117.417,76.1197,50.1119,21.4966,12.6486,9.00897,5.81026,3.96948,3.19836,2.84757,2.73872,200.0,200.0,200.0,200.0,200.0,200.0,200.0,200.0,200.0,200.0,200.0,200.0,200.0,200.0,200.0,200.0,9.35861,200.0,127.774,200.0,200.0,200.0,200.0,200.0,200.0,200.0,200.0,200.0,200.0,200.0,200.0,200.0,200.0,200.0,200.0,200.0
1,0.0,0.0,124.76036126352716,-0.450792,-0.08325649721045991,7.25397,7.49278,8.29652,10.0205,13.8386,19.5929,25.1233,35.3788,104.851,70.4249,43.9775,19.1103,11.8552,8.64063,5.69408,3.93272,3.18522,2.84628,2.74605,200.0,200.0,200.0,200.0,200.0,200.0,200.0,200.0,200.0,200.0,200.0,200.0,200.0,200.0,200.0,200.0,9.21551,200.0,126.769,200.0,200.0,200.0,200.0,200.0,200.0,200.0,200.0,200.0,200.0,200.0,200.0,200.0,200.0,200.0,200.0,200.0
1,0.0,0.0,125.1349341644059,-0.449893,0.6039949188930599,7.24985,7.5113,8.34731,10.1552,14.1979,20.4327,26.5995,38.936,94.2146,64.6797,37.3711,17.1362,11.1175,8.27426,5.56529,3.89061,3.16801,2.84174,2.75069,200.0,200.0,200.0,200.0,200.0,200.0,200.0,200.0,200.0,200.0,200.0,200.0,200.0,200.0,200.0,200.0,9.07341,200.0,125.761,200.0,200.0,200.0,200.0,200.0,200.0,200.0,200.0,200.0,200.0,200.0,200.0,200.0,200.0,200.0,200.0,200.0
1,0.0,0.0,125.57256644739856,-0.448824,0.9613257774043491,7.24509,7.51826,8.37794,10.2443,14.4473,21.0395,27.6997,42.9932,87.7168,60.5505,32.7376,16.0614,10.6949,8.06245,5.49348,3.87357,3.16282,2.84267,2.75628,200.0,200.0,200.0,200.0,200.0,200.0,200.0,200.0,200.0,200.0,200.0,200.0,200.0,200.0,200.0,200.0,8.93054,200.0,124.748,200.0,200.0,200.0,200.0,200.0,200.0,200.0,200.0,200.0,200.0,200.0,200.0,200.0,200.0,200.0,200.0,200.0
1,0.0,0.0,126.00251708107525,-0.447722,1.0523573118947345,7.23976,7.51581,8.39248,10.2949,14.5993,21.4244,28.4172,48.9681,83.676,57.7436,30.2354,15.4949,10.4701,7.95197,5.45994,3.87128,3.16631,2.84721,2.76188,200.0,200.0,200.0,200.0,200.0,200.0,200.0,200.0,200.0,200.0,200.0,200.0,200.0,200.0,200.0,200.0,8.78722,200.0,123.73,200.0,200.0,200.0,200.0,200.0,200.0,200.0,200.0,200.0,200.0,200.0,200.0,200.0,200.0,200.0,200.0,200.0
1,0.0,0.0,126.43324320722469,-0.446697,0.9682642963033833,7.23448,7.51052,8.39839,10.3221,14.6871,21.6552,28.8565,147.52,80.9833,55.8001,28.9563,15.1933,10.3519,7.89587,5.4457,3.87378,3.17391,2.85355,2.76691,200.0,200.0,200.0,200.0,200.0,200.0,200.0,200.0,200.0,200.0,200.0,200.0,200.0,200.0,200.0,200.0,8.64415,200.0,122.707,200.0,200.0,200.0,200.0,200.0,200.0,200.0,200.0,200.0,200.0,200.0,200.0,200.0,200.0,200.0,200.0,200.0
1,0.0,0.0,126.86509388798723,-0.445707,0.764806983252428,7.22914,7.50596,8.39972,10.3346,14.7321,21.7782,29.0953,147.052,79.0982,54.43,28.3277,15.0447,10.2955,7.87078,5.44142,3.87751,3.18022,2.86073,2.77173,200.0,200.0,200.0,200.0,200.0,200.0,200.0,200.0,200.0,200.0,200.0,200.0,200.0,200.0,200.0,200.0,8.50078,200.0,121.68,200.0,200.0,200.0,200.0,200.0,200.0,200.0,200.0,200.0,200.0,200.0,200.0,200.0,200.0,200.0,200.0,200.0
1,0.0,0.0,127.29928024862998,-0.444795,0.6772418434225844,7.22448,7.5031,8.39943,10.3392,14.751,21.832,29.2015,127.635,77.6952,53.4204,28.0621,14.9832,10.2733,7.8618,5.44104,3.8803,3.18397,2.86508,2.77622,200.0,200.0,200.0,200.0,200.0,200.0,200.0,200.0,200.0,200.0,200.0,200.0,200.0,200.0,200.0,200.0,8.35728,200.0,120.648,200.0,200.0,200.0,200.0,200.0,200.0,200.0,200.0,200.0,200.0,200.0,200.0,200.0,200.0,200.0,200.0,200.0
1,0.0,0.0,127.73561563558432,-0.444472,0.6949748871818834,7.22289,7.50207,8.3991,10.3401,14.7558,21.8464,29.2304,125.651,76.5583,52.6133,27.9912,14.9673,10.2679,7.85992,5.44137,3.88138,3.18527,2.86652,2.77784,200.0,200.0,200.0,200.0,200.0,200.0,200.0,200.0,200.0,200.0,200.0,200.0,200.0,200.0,200.0,8.21346,200.0,200.0,119.611,200.0,200.0,200.0,200.0,200.0,200.0,200.0,200.0,200.0,200.0,200.0,200.0,200.0,200.0,200.0,200.0,200.0
1,0.0,0.0,128.1732852943008,-0.444736,0.6894000078352603,7.2242,7.50324,8.40015,10.341,14.7559,21.8443,29.2246,124.023,75.5448,51.8982,28.0053,14.9679,10.2666,7.85821,5.43967,3.87991,3.18393,2.86523,2.77652,200.0,200.0,200.0,200.0,200.0,200.0,200.0,200.0,200.0,200.0,200.0,200.0,200.0,200.0,200.0,8.06935,200.0,200.0,118.57,200.0,200.0,200.0,200.0,200.0,200.0,200.0,200.0,200.0,200.0,200.0,200.0,200.0,200.0,200.0,200.0,200.0
1,0.0,0.0,128.61275075285704,-0.445399,0.6745374826295668,7.2275,7.50613,8.40271,10.343,14.7559,21.8382,29.2146,122.52,74.5717,51.2113,28.0432,14.9706,10.2638,7.85423,5.43555,3.87626,3.18059,2.862,2.7732,200.0,200.0,200.0,200.0,200.0,200.0,200.0,200.0,200.0,200.0,200.0,200.0,200.0,200.0,200.0,7.92453,200.0,200.0,117.524,200.0,200.0,200.0,200.0,200.0,200.0,200.0,200.0,200.0,200.0,200.0,200.0,200.0,200.0,200.0,200.0,200.0
1,0.0,0.0,129.05237268681847,-0.44638,0.6577670079660877,7.23238,7.51061,8.40695,10.3469,14.7582,21.8348,29.2285,121.023,73.5969,50.5202,28.039,14.9674,10.2564,7.84641,5.42861,3.8705,3.17549,2.85715,2.76828,200.0,200.0,200.0,200.0,200.0,200.0,200.0,200.0,200.0,200.0,200.0,200.0,200.0,200.0,200.0,7.77917,200.0,200.0,116.474,200.0,200.0,200.0,200.0,200.0,200.0,200.0,200.0,200.0,200.0,200.0,200.0,200.0,200.0,200.0,200.0,200.0
1,0.0,0.0,129.49166258574343,-0.447571,0.6424919531479,7.23831,7.51623,8.41255,10.3526,14.7634,21.8362,29.2737,119.484,72.6029,49.8125,27.9759,14.9564,10.2441,7.83508,5.41938,3.86319,3.16914,2.8512,2.76232,200.0,200.0,200.0,200.0,200.0,200.0,200.0,200.0,200.0,200.0,200.0,200.0,200.0,200.0,200.0,7.63297,200.0,200.0,115.419,200.0,200.0,200.0,200.0,200.0,200.0,200.0,200.0,200.0,200.0,200.0,200.0,200.0,200.0,200.0,200.0,200.0
1,0.0,0.0,129.93231111947242,-0.448919,0.6298696929211679,7.24503,7.52277,8.41928,10.3599,14.7713,21.8428,29.3549,117.886,71.5847,49.0846,27.859,14.9374,10.2271,7.82054,5.40817,3.85459,3.16179,2.8444,2.75557,200.0,200.0,200.0,200.0,200.0,200.0,200.0,200.0,200.0,200.0,200.0,200.0,200.0,200.0,200.0,7.48596,200.0,200.0,114.36,200.0,200.0,200.0,200.0,200.0,200.0,200.0,200.0,200.0,200.0,200.0,200.0,200.0,200.0,200.0,200.0,200.0
1,0.0,0.0,130.37314265684302,-0.450375,0.6200320075787717,7.2523,7.52997,8.42689,10.3685,14.7817,21.8541,29.4749,116.231,70.5433,48.338,27.6965,14.9116,10.2064,7.80344,5.39544,3.84505,3.15374,2.83701,2.74829,200.0,200.0,200.0,200.0,200.0,200.0,200.0,200.0,200.0,200.0,200.0,200.0,200.0,200.0,200.0,7.33809,200.0,200.0,113.296,200.0,200.0,200.0,200.0,200.0,200.0,200.0,200.0,200.0,200.0,200.0,200.0,200.0,200.0,200.0,200.0,200.0
1,0.0,0.0,130.8130641440852,-0.451901,0.6126866886451945,7.25992,7.53762,8.43511,10.3781,14.7939,21.8691,29.6368,114.526,69.4817,47.5754,27.4956,14.8803,10.1827,7.78442,5.38162,3.83486,3.14521,2.82922,2.74065,200.0,200.0,200.0,200.0,200.0,200.0,200.0,200.0,200.0,200.0,200.0,200.0,200.0,200.0,200.0,7.18936,200.0,200.0,112.228,200.0,200.0,200.0,200.0,200.0,200.0,200.0,200.0,200.0,200.0,200.0,200.0,200.0,200.0,200.0,200.0,200.0
1,0.0,0.0,131.2530284108965,-0.453484,0.6073295332607214,7.26783,7.54564,8.44384,10.3884,14.8075,21.8872,29.8442,112.781,68.4033,46.7996,27.263,14.8448,10.1567,7.76387,5.36693,3.82413,3.1363,2.82112,2.73273,200.0,200.0,200.0,200.0,200.0,200.0,200.0,200.0,200.0,200.0,200.0,200.0,200.0,200.0,200.0,7.03982,200.0,200.0,111.155,200.0,200.0,200.0,200.0,200.0,200.0,200.0,200.0,200.0,200.0,200.0,200.0,200.0,200.0,200.0,200.0,200.0
1,0.0,0.0,131.69401250048065,-0.455102,0.6035079047671987,7.27591,7.5539,8.45291,10.3992,14.8223,21.9074,30.1016,111.003,67.3116,46.0136,27.004,14.8061,10.129,7.74225,5.35165,3.81306,3.12713,2.81282,2.72464,200.0,200.0,200.0,200.0,200.0,200.0,200.0,200.0,200.0,200.0,200.0,200.0,200.0,200.0,200.0,6.88944,200.0,200.0,110.078,200.0,200.0,200.0,200.0,200.0,200.0,200.0,200.0,200.0,200.0,200.0,200.0,200.0,200.0,200.0,200.0,200.0
1,0.0,0.0,132.13400555828193,-0.45674,0.6008264622859865,7.2841,7.56231,8.46219,10.4104,14.8377,21.9291,30.4154,109.2,66.2093,45.2193,26.7224,14.7653,10.1003,7.71994,5.33598,3.80177,3.11781,2.80439,2.71645,200.0,200.0,200.0,200.0,200.0,200.0,200.0,200.0,200.0,200.0,200.0,200.0,200.0,200.0,200.0,6.73826,200.0,200.0,108.997,200.0,200.0,200.0,200.0,200.0,200.0,200.0,200.0,200.0,200.0,200.0,200.0,200.0,200.0,200.0,200.0,200.0
1,0.0,0.0,132.5740025959311,-0.458399,0.5989700790297626,7.29239,7.57085,8.47166,10.422,14.8538,21.9525,30.7941,107.379,65.0983,44.4185,26.4214,14.7227,10.0706,7.69703,5.31998,3.79028,3.10835,2.79586,2.70815,200.0,200.0,200.0,200.0,200.0,200.0,200.0,200.0,200.0,200.0,200.0,200.0,200.0,200.0,200.0,6.58643,200.0,200.0,107.911,200.0,200.0,200.0,200.0,200.0,200.0,200.0,200.0,200.0,200.0,200.0,200.0,200.0,200.0,200.0,200.0,200.0
1,0.0,8.85040865800886,133.01400133926612,-0.460073,0.5977153014584261,7.30076,7.57949,8.48128,10.4337,14.8702,21.9896,31.2489,105.541,63.98,43.6122,26.1031,14.6789,10.0402,7.67369,5.30373,3.77865,3.09878,2.78723,2.69978,200.0,200.0,200.0,200.0,200.0,200.0,200.0,200.0,200.0,200.0,200.0,200.0,200.0,200.0,200.0,6.43407,200.0,200.0,106.82,200.0,200.0,200.0,200.0,200.0,200.0,200.0,200.0,200.0,200.0,200.0,200.0,200.0,200.0,200.0,200.0,200.0
1,0.0,0.19679999999999895,133.41770278808016,-0.461389,0.462038322613652,7.30718,7.58134,8.47708,10.4179,14.8214,21.8871,31.3055,105.567,63.533,43.3142,26.184,14.8309,10.1015,7.70354,5.31209,3.77821,3.09536,2.78213,2.69314,200.0,200.0,200.0,200.0,200.0,200.0,200.0,200.0,200.0,200.0,200.0,200.0,200.0,200.0,200.0,6.28031,200.0,200.0,105.726,200.0,200.0,200.0,200.0,200.0,200.0,200.0,200.0,200.0,200.0,200.0,200.0,200.0,200.0,200.0,200.0,200.0
1,0.0,0.20119999999999721,133.78543274094278,-0.461637,0.00414273696022571,7.30818,7.56614,8.43912,10.3361,14.6182,21.4244,30.2912,110.464,64.7654,44.2138,27.2111,15.4952,10.3976,7.86878,5.38296,3.80653,3.10811,2.78672,2.69182,200.0,200.0,200.0,200.0,200.0,200.0,200.0,200.0,200.0,200.0,200.0,200.0,200.0,200.0,200.0,6.12409,200.0,200.0,104.628,200.0,200.0,200.0,200.0,200.0,200.0,200.0,200.0,200.0,200.0,200.0,200.0,200.0,200.0,200.0,200.0,200.0
1,0.0,0.20559999999999834,134.1740905192666,-0.460719,-0.6531375089814306,7.30407,7.5387,8.37886,10.2131,14.3253,20.7638,28.7865,133.296,67.2689,45.83,28.805,16.6024,10.8818,8.1392,5.50179,3.85752,3.13437,2.80026,2.69658,200.0,200.0,200.0,200.0,200.0,200.0,200.0,200.0,200.0,200.0,200.0,200.0,200.0,200.0,200.0,5.96497,200.0,200.0,103.526,200.0,200.0,200.0,200.0,200.0,200.0,200.0,200.0,200.0,200.0,200.0,200.0,200.0,200.0,200.0,200.0,200.0
1,0.0,0.20999999999999944,134.5545178465779,-0.458476,-1.4370297163896664,7.29467,7.50158,8.30291,10.0638,13.9818,20.0085,27.1521,131.349,70.9467,47.8915,30.7654,18.1264,11.5457,8.50526,5.66301,3.92892,3.17344,2.82299,2.70847,200.0,200.0,200.0,200.0,200.0,200.0,200.0,200.0,200.0,200.0,200.0,200.0,200.0,200.0,200.0,5.80279,200.0,200.0,102.422,200.0,200.0,200.0,200.0,200.0,200.0,200.0,200.0,200.0,200.0,200.0,200.0,200.0,200.0,200.0,200.0,200.0
1,0.0,0.2143999999999977,134.9250354638412,-0.454724,-2.2988327247797913,7.27948,7.45607,8.21522,9.89742,13.6125,19.2222,25.5612,129.036,75.8587,50.2227,32.9631,19.8625,12.4002,8.9668,5.86494,4.02017,3.22544,2.85554,2.72857,200.0,200.0,200.0,200.0,200.0,200.0,200.0,200.0,200.0,200.0,200.0,200.0,200.0,200.0,200.0,5.63692,200.0,200.0,200.0,101.314,200.0,200.0,200.0,200.0,200.0,200.0,200.0,200.0,200.0,200.0,200.0,200.0,200.0,200.0,200.0,200.0
1,0.0,0.21879999999999883,135.2847843485926,-0.449331,-3.20637495395521,7.25801,7.40293,8.11826,9.71987,13.2321,18.4407,24.0793,126.292,82.2066,52.71,35.3101,21.7474,13.4712,9.52962,6.10799,4.13137,3.29071,2.89845,2.75766,200.0,200.0,200.0,200.0,200.0,200.0,200.0,200.0,200.0,200.0,200.0,200.0,200.0,200.0,200.0,5.46712,200.0,200.0,200.0,100.204,200.0,200.0,200.0,200.0,200.0,200.0,200.0,200.0,200.0,200.0,200.0,200.0,200.0,200.0,200.0,200.0
1,0.0,0.0,135.63326736885006,-0.44217,-4.138365292248862,7.2297,7.34239,8.01339,9.53448,12.8491,17.682,22.7213,43.2281,90.3619,55.5254,37.7452,23.7448,14.7947,10.2049,6.39421,4.26323,3.36982,2.95233,2.79644,200.0,200.0,200.0,200.0,200.0,200.0,200.0,200.0,200.0,200.0,200.0,200.0,200.0,200.0,200.0,5.29315,200.0,200.0,200.0,99.0918,200.0,200.0,200.0,200.0,200.0,200.0,200.0,200.0,200.0,200.0,200.0,200.0,200.0,200.0,200.0,200.0
1,0.0,0.0,136.02353465417193,-0.433356,-4.992880277484923,7.19408,7.2775,7.90812,9.35654,12.4971,17.0152,21.5965,34.2486,99.6747,58.4502,39.9321,25.6067,16.1335,10.9416,6.70218,4.40706,3.45842,3.01491,2.84401,200.0,200.0,200.0,200.0,200.0,200.0,200.0,200.0,200.0,200.0,200.0,200.0,200.0,200.0,200.0,5.11511,200.0,200.0,200.0,97.9774,200.0,200.0,200.0,200.0,200.0,200.0,200.0,200.0,200.0,200.0,200.0,200.0,200.0,200.0,200.0,200.0
1,0.0,0.0,136.43985172210898,-0.42337,-5.575818997406924,7.15068,7.21422,7.81634,9.21316,12.2329,16.5534,20.8831,31.8525,106.931,60.4043,41.214,26.8171,17.1085,11.5743,6.97274,4.53999,3.5448,3.0796,2.89686,200.0,200.0,200.0,200.0,200.0,200.0,200.0,200.0,200.0,200.0,200.0,200.0,200.0,200.0,200.0,4.93393,200.0,200.0,200.0,96.8602,200.0,200.0,200.0,200.0,200.0,200.0,200.0,200.0,200.0,200.0,200.0,200.0,200.0,200.0,200.0,200.0
1,0.0,0.0,136.85523491030833,-0.412077,-5.956240055061986,7.09871,7.14926,7.73118,9.09064,12.0245,16.2255,20.4254,30.7402,127.659,61.468,41.8193,27.5192,17.7801,12.1127,7.21495,4.6667,3.63155,3.14783,2.95557,200.0,200.0,200.0,200.0,200.0,200.0,200.0,200.0,200.0,200.0,200.0,200.0,200.0,200.0,200.0,4.74911,200.0,200.0,200.0,95.7405,200.0,200.0,200.0,200.0,200.0,200.0,200.0,200.0,200.0,200.0,200.0,200.0,200.0,200.0,200.0,200.0
1,0.0,0.0,137.2737532317946,-0.399459,-6.18903280722364,7.03832,7.08086,7.6483,8.9799,11.8508,15.9872,20.1354,30.2898,126.569,61.7946,41.9393,27.8498,18.2188,12.5392,7.43758,4.79089,3.72048,3.22043,3.02031,200.0,200.0,200.0,200.0,200.0,200.0,200.0,200.0,200.0,200.0,200.0,200.0,200.0,200.0,200.0,4.5607,200.0,200.0,200.0,94.6184,200.0,200.0,200.0,200.0,200.0,200.0,200.0,200.0,200.0,200.0,200.0,200.0,200.0,200.0,200.0,200.0
1,0.0,0.0,137.6963811574535,-0.385608,-6.313765719223619,6.97032,7.00843,7.56535,8.8755,11.6987,15.8119,19.9629,30.2866,125.62,61.5443,41.716,27.9154,18.4841,12.8628,7.64686,4.9147,3.81238,3.29749,3.0907,200.0,200.0,200.0,200.0,200.0,200.0,200.0,200.0,200.0,200.0,200.0,200.0,200.0,200.0,200.0,4.36882,200.0,200.0,200.0,93.494,200.0,200.0,200.0,200.0,200.0,200.0,200.0,200.0,200.0,200.0,200.0,200.0,200.0,200.0,200.0,200.0
1,0.0,0.0,138.12373371618244,-0.370645,-6.364415188313185,6.89573,6.93181,7.48076,8.77345,11.5594,15.6797,19.8723,30.6327,124.77,60.8916,41.2683,27.807,18.6298,13.1107,7.84892,5.03996,3.90776,3.37897,3.16629,200.0,200.0,200.0,200.0,200.0,200.0,200.0,200.0,200.0,200.0,200.0,200.0,200.0,200.0,200.0,4.1738,200.0,200.0,200.0,92.3671,200.0,200.0,200.0,200.0,200.0,200.0,200.0,200.0,200.0,200.0,200.0,200.0,200.0,200.0,200.0,200.0
1,0.0,0.0,138.55583108032903,-0.35477,-6.369858287366927,6.81593,6.85143,7.39381,8.67117,11.4317,15.576,19.8368,31.2902,123.978,59.9996,40.6929,27.5976,18.6998,13.3058,8.04865,5.1677,4.00661,3.46433,3.24619,200.0,200.0,200.0,200.0,200.0,200.0,200.0,200.0,200.0,200.0,200.0,200.0,200.0,200.0,200.0,3.97607,200.0,200.0,200.0,91.2377,200.0,200.0,200.0,200.0,200.0,200.0,200.0,200.0,200.0,200.0,200.0,200.0,200.0,200.0,200.0,200.0
1,0.0,0.0,138.98973534854582,-0.338151,-6.352383074615437,6.73209,6.76769,7.30408,8.56689,11.3119,15.4896,19.8365,32.2802,123.211,58.9968,40.0603,27.3396,18.7264,13.4657,8.24938,5.29879,4.10889,3.55314,3.32969,200.0,200.0,200.0,200.0,200.0,200.0,200.0,200.0,200.0,200.0,200.0,200.0,200.0,200.0,200.0,3.77588,200.0,200.0,200.0,90.1058,200.0,200.0,200.0,200.0,200.0,200.0,200.0,200.0,200.0,200.0,200.0,200.0,200.0,200.0,200.0,200.0
1,0.0,0.0,139.425556160317,-0.320951,-6.326485382275524,6.64523,6.68116,7.21163,8.45984,11.1977,15.4144,19.8598,33.7479,122.45,57.9631,39.413,27.0639,18.7284,13.6012,8.4392,5.43342,4.21427,3.64483,3.41605,200.0,200.0,200.0,200.0,200.0,200.0,200.0,200.0,200.0,200.0,200.0,200.0,200.0,200.0,200.0,3.57364,200.0,200.0,200.0,88.9714,200.0,200.0,200.0,200.0,200.0,200.0,200.0,200.0,200.0,200.0,200.0,200.0,200.0,200.0,200.0,200.0
1,0.0,0.0,139.5426466936285,-0.313861,-5.958646477801535,6.60499,6.65196,7.19332,8.45807,11.2787,15.7161,20.5691,110.467,99.964,54.9342,37.611,25.883,18.0812,13.2805,8.37947,5.44657,4.23835,3.67375,3.44933,200.0,200.0,200.0,200.0,200.0,200.0,200.0,200.0,200.0,200.0,200.0,200.0,200.0,200.0,200.0,3.42738,200.0,200.0,200.0,87.8232,200.0,200.0,200.0,200.0,200.0,200.0,200.0,200.0,200.0,200.0,200.0,200.0,200.0,200.0,200.0,200.0
1,0.0,0.0,139.88946463757551,-0.31197,-2.7156366024256604,6.56723,6.71357,7.38105,8.87591,12.3923,18.7135,28.7637,118.908,63.7219,41.6591,28.8785,20.0438,14.5235,11.1215,7.47302,5.1131,4.08878,3.61141,3.44402,200.0,200.0,200.0,200.0,200.0,200.0,200.0,200.0,200.0,200.0,200.0,200.0,200.0,200.0,3.32668,200.0,200.0,200.0,200.0,86.6662,200.0,200.0,200.0,200.0,200.0,200.0,200.0,200.0,200.0,200.0,200.0,200.0,200.0,200.0,200.0,200.0
1,0.0,0.0,140.27763627131398,-0.300398,-0.36498786648541753,6.50212,6.72002,7.48049,9.17691,13.353,22.1803,112.008,87.2926,50.0115,34.5414,23.9255,17.0122,12.7393,10.0462,7.03422,4.97875,4.05414,3.62767,3.49808,200.0,200.0,200.0,200.0,200.0,200.0,200.0,200.0,200.0,200.0,200.0,200.0,200.0,200.0,3.17149,200.0,200.0,200.0,200.0,85.5164,200.0,200.0,200.0,200.0,200.0,200.0,200.0,200.0,200.0,200.0,200.0,200.0,200.0,200.0,200.0,200.0
1,0.0,0.0,140.6183713806534,-0.28999,1.4449823705860823,6.452,6.72506,7.56463,9.45129,14.3018,27.2476,115.936,67.3119,42.5157,29.6919,20.7788,15.1379,11.6264,9.36256,6.74843,4.89781,4.04169,3.65177,3.55118,200.0,200.0,200.0,200.0,200.0,200.0,200.0,200.0,200.0,200.0,200.0,200.0,200.0,3.01991,200.0,200.0,200.0,200.0,200.0,84.3626,200.0,200.0,200.0,200.0,200.0,200.0,200.0,200.0,200.0,200.0,200.0,200.0,200.0,200.0,200.0,200.0
1,0.0,0.0,140.66531438380147,-0.28145,2.957378955347257,6.41579,6.73535,7.65664,9.73045,15.3244,102.676,117.694,55.953,37.3974,26.0962,18.5334,13.8001,10.8149,8.85097,6.52478,4.83152,4.03377,3.6736,3.59754,200.0,200.0,200.0,200.0,200.0,200.0,200.0,200.0,200.0,200.0,200.0,200.0,200.0,2.8756,200.0,200.0,200.0,200.0,83.2047,200.0,200.0,200.0,200.0,200.0,200.0,200.0,200.0,200.0,200.0,200.0,200.0,200.0,200.0,200.0,200.0,200.0
1,0.0,0.0,140.4079603441801,-0.275135,4.24189303625105,6.39319,6.75687,7.76096,10.0229,16.4566,109.168,86.9563,48.4963,33.3496,23.3465,16.8437,12.7789,10.1784,8.43765,6.33318,4.76762,4.02326,3.68917,3.63428,200.0,200.0,200.0,200.0,200.0,200.0,200.0,200.0,200.0,200.0,200.0,200.0,2.74255,200.0,200.0,200.0,200.0,200.0,82.0449,200.0,200.0,200.0,200.0,200.0,200.0,200.0,200.0,200.0,200.0,200.0,200.0,200.0,200.0,200.0,200.0,200.0
1,0.0,0.0,140.11096820876216,-0.271141,5.362100010245176,6.38376,6.79619,7.88194,10.3388,17.7561,111.696,71.9763,43.0802,30.0191,21.1524,15.4958,11.9459,9.64306,8.0787,6.15518,4.69895,4.00272,3.69633,3.66032,200.0,200.0,200.0,200.0,200.0,200.0,200.0,200.0,200.0,200.0,200.0,200.0,2.62322,200.0,200.0,200.0,200.0,200.0,80.8843,200.0,200.0,200.0,200.0,200.0,200.0,200.0,200.0,200.0,200.0,200.0,200.0,200.0,200.0,200.0,200.0,200.0
1,0.0,0.0,139.79983775812502,-0.269638,6.555840387666392,6.39223,6.85436,8.02292,10.6864,19.3023,113.078,61.7669,38.8655,27.21,19.3346,14.3676,11.2299,9.16818,7.7496,5.98036,4.62155,3.96981,3.69067,3.67516,200.0,200.0,200.0,200.0,200.0,200.0,200.0,200.0,200.0,200.0,200.0,2.51923,200.0,200.0,200.0,200.0,200.0,200.0,79.7231,200.0,200.0,200.0,200.0,200.0,200.0,200.0,200.0,200.0,200.0,200.0,200.0,200.0,200.0,200.0,200.0,200.0
1,0.0,0.0,139.48102636919495,-0.271531,7.850839596221079,6.42109,6.9323,8.18659,11.0731,21.2171,113.839,54.2182,35.4099,24.7919,17.7812,13.3872,10.5898,8.73002,7.43615,5.80273,4.5331,3.92335,3.67007,3.67582,200.0,200.0,200.0,200.0,200.0,200.0,200.0,200.0,200.0,200.0,200.0,2.43233,200.0,200.0,200.0,200.0,200.0,200.0,78.5617,200.0,200.0,200.0,200.0,200.0,200.0,200.0,200.0,200.0,200.0,200.0,200.0,200.0,200.0,200.0,200.0,200.0
1,0.0,0.0,139.15947011913335,-0.276957,9.06430691052865,6.46996,7.03051,8.37466,11.5043,23.717,95.4683,48.3297,32.3665,22.679,16.4227,12.5119,10.0018,8.31519,7.13048,5.61909,4.43249,3.86282,3.63415,3.65962,200.0,200.0,200.0,200.0,200.0,200.0,200.0,200.0,200.0,200.0,2.36419,200.0,200.0,200.0,200.0,200.0,200.0,200.0,77.4004,200.0,200.0,200.0,200.0,200.0,200.0,200.0,200.0,200.0,200.0,200.0,200.0,200.0,200.0,200.0,200.0,200.0
1,0.0,0.0,138.8366282993197,-0.285911,10.202430274776518,6.5386,7.14922,8.58814,11.9841,27.3146,80.552,43.5656,29.6362,20.8122,15.2136,11.7148,9.45113,7.91563,6.8279,5.42772,4.31918,3.78793,3.58265,3.62618,200.0,200.0,200.0,200.0,200.0,200.0,200.0,200.0,200.0,200.0,2.31661,200.0,200.0,200.0,200.0,200.0,200.0,200.0,76.2392,200.0,200.0,200.0,200.0,200.0,200.0,200.0,200.0,200.0,200.0,200.0,200.0,200.0,200.0,200.0,200.0,200.0
1,0.0,0.0,138.71975691256932,-0.29838,11.271684112049659,6.6268,7.28873,8.82813,12.5173,34.4884,69.6476,39.5914,27.17,19.1413,14.1185,10.9755,8.92654,7.52492,6.52475,5.22718,4.19273,3.69843,3.51534,3.57516,200.0,200.0,200.0,200.0,200.0,200.0,200.0,200.0,200.0,2.29089,200.0,200.0,200.0,200.0,200.0,200.0,200.0,200.0,75.0782,200.0,200.0,200.0,200.0,200.0,200.0,200.0,200.0,200.0,200.0,200.0,200.0,200.0,200.0,200.0,200.0,200.0
1,0.0,0.0,138.79212583362713,-0.314331,12.277568817181333,6.73433,7.44924,9.09564,13.1088,47.8598,61.2498,36.1912,24.9254,17.626,13.1104,10.2787,8.41963,7.13842,6.21829,5.0165,4.05285,3.59426,3.43211,3.50638,200.0,200.0,200.0,200.0,200.0,200.0,200.0,200.0,200.0,2.28763,200.0,200.0,200.0,200.0,200.0,200.0,200.0,200.0,73.9159,200.0,200.0,200.0,200.0,200.0,200.0,200.0,200.0,200.0,200.0,200.0,200.0,200.0,200.0,200.0,200.0,200.0
1,0.0,0.0,138.89733031137968,-0.333781,13.20134867027076,6.86057,7.62947,9.38798,13.7533,66.4841,54.6786,33.278,22.9035,16.2575,12.183,9.62183,7.92999,6.75665,5.9094,4.79648,3.90002,3.47548,3.3327,3.41907,200.0,200.0,200.0,200.0,200.0,200.0,200.0,200.0,2.30772,200.0,200.0,200.0,200.0,200.0,200.0,200.0,200.0,200.0,72.7523,200.0,200.0,200.0,200.0,200.0,200.0,200.0,200.0,200.0,200.0,200.0,200.0,200.0,200.0,200.0,200.0,200.0
1,0.0,0.32879999999999826,139.0165308147182,-0.356671,14.022511782252256,7.00424,7.82711,9.70057,14.4397,91.4606,49.4991,30.7812,21.1009,15.0262,11.3304,9.00273,7.45745,6.38029,5.59906,4.56821,3.73498,3.34247,3.21711,3.31286,200.0,200.0,200.0,200.0,200.0,200.0,200.0,200.0,2.35088,200.0,200.0,200.0,200.0,200.0,200.0,200.0,200.0,200.0,71.5875,200.0,200.0,200.0,200.0,200.0,200.0,200.0,200.0,200.0,200.0,200.0,200.0,200.0,200.0,200.0,200.0,200.0
1,0.0,0.3331999999999994,139.19307030715868,-0.382754,14.637467383766166,7.15999,8.03107,10.01,15.0999,95.5035,45.875,28.7917,19.6307,13.9952,10.5923,8.44913,7.02252,6.025,5.29958,4.33962,3.56218,3.19769,3.0863,3.18715,200.0,200.0,200.0,200.0,200.0,200.0,200.0,2.41551,200.0,200.0,200.0,200.0,200.0,200.0,200.0,200.0,200.0,200.0,70.4217,200.0,200.0,200.0,200.0,200.0,200.0,200.0,200.0,200.0,200.0,200.0,200.0,200.0,200.0,200.0,200.0,200.0
1,0.0,0.3375999999999977,139.41479754117435,-0.410973,14.649499497463916,7.30682,8.19764,10.2232,15.4523,93.7163,45.5945,28.1262,19.0056,13.4662,10.1567,8.08639,6.71383,5.75645,5.06131,4.14265,3.39955,3.05146,2.9452,3.04172,200.0,200.0,200.0,200.0,200.0,200.0,200.0,2.49546,200.0,200.0,200.0,200.0,200.0,200.0,200.0,200.0,200.0,200.0,69.2558,200.0,200.0,200.0,200.0,200.0,200.0,200.0,200.0,200.0,200.0,200.0,200.0,200.0,200.0,200.0,200.0,200.0
1,0.0,0.34199999999999875,139.66075831929322,-0.44106,14.06313448992703,7.44216,8.3222,10.3307,15.465,76.7228,49.104,28.7814,19.1928,13.4017,9.99357,7.89282,6.51593,5.56351,4.87614,3.97292,3.24561,2.90384,2.79506,2.87909,200.0,200.0,200.0,200.0,200.0,200.0,2.58854,200.0,200.0,200.0,200.0,200.0,200.0,200.0,200.0,200.0,200.0,200.0,68.0899,200.0,200.0,200.0,200.0,200.0,200.0,200.0,200.0,200.0,200.0,200.0,200.0,200.0,200.0,200.0,200.0,200.0
1,0.0,0.3463999999999999,139.91121833315242,-0.472534,13.004365780304783,7.56904,8.41372,10.3562,15.2285,56.2284,58.2853,30.8083,20.1274,13.7456,10.0567,7.83308,6.4024,5.42648,4.72933,3.82215,3.09737,2.75513,2.6389,2.70527,200.0,200.0,200.0,200.0,200.0,200.0,2.69159,200.0,200.0,200.0,200.0,200.0,200.0,200.0,200.0,200.0,200.0,200.0,66.9248,200.0,200.0,200.0,200.0,200.0,200.0,200.0,200.0,200.0,200.0,200.0,200.0,200.0,200.0,200.0,200.0,200.0
1,0.0,0.35079999999999817,140.1358016942937,-0.504493,11.700313838587029,7.69258,8.4891,10.3431,14.897,43.9389,78.6356,34.4254,21.6451,14.3944,10.272,7.85424,6.33553,5.31827,4.60128,3.68011,2.95199,2.60676,2.48157,2.52905,200.0,200.0,200.0,200.0,200.0,200.0,2.79968,200.0,200.0,200.0,200.0,200.0,200.0,200.0,200.0,200.0,200.0,200.0,200.0,65.7616,200.0,200.0,200.0,200.0,200.0,200.0,200.0,200.0,200.0,200.0,200.0,200.0,200.0,200.0,200.0,200.0
1,0.0,0.3551999999999993,140.3261114291513,-0.536138,10.32830910236676,7.81562,8.5602,10.3223,14.5698,36.6041,103.523,40.1932,23.5867,15.2618,10.5801,7.91486,6.2866,5.21889,4.47793,3.53999,2.80801,2.46024,2.3269,2.3568,200.0,200.0,200.0,200.0,200.0,200.0,2.90886,200.0,200.0,200.0,200.0,200.0,200.0,200.0,200.0,200.0,200.0,200.0,200.0,64.6016,200.0,200.0,200.0,200.0,200.0,200.0,200.0,200.0,200.0,200.0,200.0,200.0,200.0,200.0,200.0,200.0
1,0.0,0.35959999999999753,140.47784032767024,-0.567076,8.961804760979746,7.93874,8.63112,10.3049,14.2767,31.922,100.299,49.8045,25.8859,16.3252,10.961,7.99859,6.2437,5.12,4.35359,3.3992,2.66508,2.31634,2.17649,2.19092,200.0,200.0,200.0,200.0,200.0,200.0,3.01737,200.0,200.0,200.0,200.0,200.0,200.0,200.0,200.0,200.0,200.0,200.0,200.0,63.4463,200.0,200.0,200.0,200.0,200.0,200.0,200.0,200.0,200.0,200.0,200.0,200.0,200.0,200.0,200.0,200.0
1,0.0,0.36399999999999866,140.5953908400143,-0.597053,7.629391408403015,8.06146,8.70259,10.2934,14.0215,28.7283,96.3608,68.2649,28.8982,17.591,11.4149,8.10104,6.20296,5.01902,4.22669,3.25743,2.52364,2.17582,2.03126,2.03244,200.0,200.0,200.0,200.0,200.0,3.12435,200.0,200.0,200.0,200.0,200.0,200.0,200.0,200.0,200.0,200.0,200.0,200.0,200.0,62.2967,200.0,200.0,200.0,200.0,200.0,200.0,200.0,200.0,200.0,200.0,200.0,200.0,200.0,200.0,200.0,200.0
1,0.0,0.3683999999999998,140.67986910289508,-0.625956,6.343846003467988,8.18333,8.77468,10.2881,13.8017,26.4334,91.1841,101.518,33.2829,19.0712,11.9476,8.22106,6.16215,4.91432,4.09627,3.11446,2.38388,2.03896,1.89146,1.88158,200.0,200.0,200.0,200.0,200.0,3.22967,200.0,200.0,200.0,200.0,200.0,200.0,200.0,200.0,200.0,200.0,200.0,200.0,200.0,61.1542,200.0,200.0,200.0,200.0,200.0,200.0,200.0,200.0,200.0,200.0,200.0,200.0,200.0,200.0,200.0,200.0
1,0.0,0.372799999999998,140.73382692815807,-0.653683,5.111402326985685,8.30375,8.84692,10.2885,13.6128,24.716,77.2779,98.7157,40.1633,20.7747,12.5702,8.35972,6.12052,4.80532,3.96216,2.9706,2.24623,1.90611,1.75733,1.7384,200.0,200.0,200.0,200.0,200.0,3.33355,200.0,200.0,200.0,200.0,200.0,200.0,200.0,200.0,200.0,200.0,200.0,200.0,200.0,200.0,60.0199,200.0,200.0,200.0,200.0,200.0,200.0,200.0,200.0,200.0,200.0,200.0,200.0,200.0,200.0,200.0
1,0.0,0.37719999999999915,140.7600477787184,-0.680176,3.9348621425742953,8.42214,8.91885,10.2936,13.4504,23.3892,60.4464,95.4851,52.3948,22.7121,13.2957,8.5191,6.0776,4.69173,3.82439,2.82619,2.11103,1.77753,1.62902,1.60284,200.0,200.0,200.0,200.0,200.0,3.43655,200.0,200.0,200.0,200.0,200.0,200.0,200.0,200.0,200.0,200.0,200.0,200.0,200.0,200.0,58.8948,200.0,200.0,200.0,200.0,200.0,200.0,200.0,200.0,200.0,200.0,200.0,200.0,200.0,200.0,200.0
1,0.0,0.38159999999999744,140.75827175273855,-0.705391,2.8154458503374498,8.53801,8.98999,10.3027,13.3106,22.3373,50.6889,91.6811,79.9379,25.2523,14.1381,8.70234,6.03328,4.57336,3.68309,2.68164,1.97868,1.65347,1.50658,1.47481,200.0,200.0,200.0,200.0,200.0,3.53943,200.0,200.0,200.0,200.0,200.0,200.0,200.0,200.0,200.0,200.0,200.0,200.0,200.0,200.0,57.7802,200.0,200.0,200.0,200.0,200.0,200.0,200.0,200.0,200.0,200.0,200.0,200.0,200.0,200.0,200.0
1,0.0,0.38599999999999857,140.73387732724632,-0.729302,1.7544769827818991,8.65087,9.05992,10.315,13.1901,21.4866,44.339,86.8249,97.5632,28.9495,15.109,8.91222,5.98706,4.44992,3.53841,2.53735,1.84952,1.5341,1.39007,1.3541,200.0,200.0,200.0,200.0,3.64313,200.0,200.0,200.0,200.0,200.0,200.0,200.0,200.0,200.0,200.0,200.0,200.0,200.0,200.0,200.0,56.6775,200.0,200.0,200.0,200.0,200.0,200.0,200.0,200.0,200.0,200.0,200.0,200.0,200.0,200.0,200.0
1,0.0,0.39039999999999964,140.68669100136594,-0.751875,0.7533592865057143,8.76019,9.12817,10.3298,13.0863,20.7876,39.8919,75.6527,95.0214,34.7687,16.2149,9.15194,5.93866,4.32149,3.39071,2.39398,1.72402,1.41972,1.27959,1.24072,200.0,200.0,200.0,200.0,3.74885,200.0,200.0,200.0,200.0,200.0,200.0,200.0,200.0,200.0,200.0,200.0,200.0,200.0,200.0,200.0,55.5879,200.0,200.0,200.0,200.0,200.0,200.0,200.0,200.0,200.0,200.0,200.0,200.0,200.0,200.0,200.0
1,0.0,0.39479999999999793,140.6211168901324,-0.773118,-0.1870208727820374,8.86565,9.1945,10.3467,12.9972,20.2059,36.6154,63.0256,92.2294,45.1621,17.4538,9.42374,5.88705,4.1875,3.24009,2.25183,1.60242,1.31043,1.17508,1.13441,200.0,200.0,200.0,200.0,3.85773,200.0,200.0,200.0,200.0,200.0,200.0,200.0,200.0,200.0,200.0,200.0,200.0,200.0,200.0,200.0,200.0,54.5128,200.0,200.0,200.0,200.0,200.0,200.0,200.0,200.0,200.0,200.0,200.0,200.0,200.0,200.0
1,0.0,0.39919999999999906,140.5380793163693,-0.793002,-1.0656843102094773,8.96667,9.25845,10.365,12.9209,19.7165,34.1104,54.8264,89.1419,68.7394,18.8505,9.73039,5.832,4.04835,3.08737,2.11176,1.48528,1.20653,1.0767,1.03516,200.0,200.0,200.0,200.0,3.97109,200.0,200.0,200.0,200.0,200.0,200.0,200.0,200.0,200.0,200.0,200.0,200.0,200.0,200.0,200.0,200.0,53.4534,200.0,200.0,200.0,200.0,200.0,200.0,200.0,200.0,200.0,200.0,200.0,200.0,200.0,200.0
1,0.0,0.4035999999999973,140.44102028170448,-0.811494,-1.8818340414835784,9.06274,9.31956,10.3842,12.8555,19.3008,32.1406,49.0938,85.641,94.6366,20.724,10.0744,5.77346,3.90474,2.93354,1.9748,1.37324,1.10841,0.984634,0.943039,200.0,200.0,200.0,200.0,4.0902,200.0,200.0,200.0,200.0,200.0,200.0,200.0,200.0,200.0,200.0,200.0,200.0,200.0,200.0,200.0,200.0,52.4111,200.0,200.0,200.0,200.0,200.0,200.0,200.0,200.0,200.0,200.0,200.0,200.0,200.0,200.0
1,0.0,0.4079999999999984,140.3313396513241,-0.828599,-2.6349584152932892,9.15343,9.37755,10.4038,12.8,18.9449,30.5575,44.877,81.3427,92.5682,23.4372,10.4557,5.71084,3.75722,2.77963,1.84177,1.26674,1.01628,0.898956,0.85791,200.0,200.0,200.0,4.21602,200.0,200.0,200.0,200.0,200.0,200.0,200.0,200.0,200.0,200.0,200.0,200.0,200.0,200.0,200.0,200.0,200.0,51.3873,200.0,200.0,200.0,200.0,200.0,200.0,200.0,200.0,200.0,200.0,200.0,200.0,200.0,200.0
1,0.0,0.41239999999999954,140.19304195625884,-0.844361,-3.341696126009208,9.23873,9.43171,10.422,12.7494,18.6276,29.2346,41.5992,73.0522,90.3804,27.7929,10.8983,5.65274,3.61017,2.62855,1.7141,1.16633,0.930305,0.81958,0.77951,200.0,200.0,200.0,4.3493,200.0,200.0,200.0,200.0,200.0,200.0,200.0,200.0,200.0,200.0,200.0,200.0,200.0,200.0,200.0,200.0,200.0,50.3836,200.0,200.0,200.0,200.0,200.0,200.0,200.0,200.0,200.0,200.0,200.0,200.0,200.0,200.0
1,0.0,0.41679999999999784,140.08151542857,-0.858841,-4.0109967743912796,9.31882,9.48186,10.4381,12.7015,18.3372,28.0996,38.9536,64.2667,88.0578,35.8857,11.4214,5.60475,3.46614,2.48186,1.59248,1.07217,0.850395,0.746262,0.707512,200.0,200.0,200.0,4.49047,200.0,200.0,200.0,200.0,200.0,200.0,200.0,200.0,200.0,200.0,200.0,200.0,200.0,200.0,200.0,200.0,200.0,200.0,49.4017,200.0,200.0,200.0,200.0,200.0,200.0,200.0,200.0,200.0,200.0,200.0,200.0,200.0
1,0.0,0.4211999999999989,139.9636291322435,-0.872103,-4.655494079822137,9.39397,9.52774,10.4509,12.6536,18.0627,27.0965,36.7387,57.716,85.56,56.033,12.0555,5.57655,3.32875,2.34157,1.47769,0.984406,0.776474,0.678833,0.641586,200.0,200.0,200.0,4.64007,200.0,200.0,200.0,200.0,200.0,200.0,200.0,200.0,200.0,200.0,200.0,200.0,200.0,200.0,200.0,200.0,200.0,200.0,48.4427,200.0,200.0,200.0,200.0,200.0,200.0,200.0,200.0,200.0,200.0,200.0,200.0,200.0
1,0.0,0.42560000000000003,139.81553044213751,-0.884046,-5.22340984635581,9.46266,9.57037,10.4647,12.6155,17.8286,26.2654,34.9712,52.9118,82.9629,90.6937,12.6991,5.53809,3.18801,2.20386,1.36908,0.903259,0.708916,0.617676,0.582184,200.0,200.0,200.0,4.79811,200.0,200.0,200.0,200.0,200.0,200.0,200.0,200.0,200.0,200.0,200.0,200.0,200.0,200.0,200.0,200.0,200.0,200.0,47.5087,200.0,200.0,200.0,200.0,200.0,200.0,200.0,200.0,200.0,200.0,200.0,200.0,200.0
1,0.0,0.42999999999999833,139.69372761693148,-0.894727,-5.728323173736896,9.52501,9.60929,10.4782,12.5838,17.6221,25.5567,33.5136,49.2087,80.213,88.9943,13.4763,5.49605,3.04829,2.07156,1.26785,0.829018,0.647713,0.562637,0.528992,200.0,200.0,4.96468,200.0,200.0,200.0,200.0,200.0,200.0,200.0,200.0,200.0,200.0,200.0,200.0,200.0,200.0,200.0,200.0,200.0,200.0,200.0,46.6016,200.0,200.0,200.0,200.0,200.0,200.0,200.0,200.0,200.0,200.0,200.0,200.0,200.0
1,0.0,0.43439999999999945,139.59316231840538,-0.904159,-6.1653123545052235,9.58067,9.64448,10.4915,12.5589,17.4417,24.9538,32.3071,46.304,77.2504,87.2867,14.5491,5.44603,2.91053,1.94592,1.17474,0.762009,0.592987,0.513733,0.481987,200.0,200.0,5.13983,200.0,200.0,200.0,200.0,200.0,200.0,200.0,200.0,200.0,200.0,200.0,200.0,200.0,200.0,200.0,200.0,200.0,200.0,200.0,200.0,45.7232,200.0,200.0,200.0,200.0,200.0,200.0,200.0,200.0,200.0,200.0,200.0,200.0
1,0.0,0.4387999999999977,139.48562624374253,-0.912317,-6.528739483956704,9.62909,9.67573,10.5047,12.5413,17.2859,24.4443,31.31,44.0043,73.8855,85.596,16.0577,5.38347,2.77674,1.82909,1.09097,0.702812,0.545082,0.471169,0.441269,200.0,200.0,5.32347,200.0,200.0,200.0,200.0,200.0,200.0,200.0,200.0,200.0,200.0,200.0,200.0,200.0,200.0,200.0,200.0,200.0,200.0,200.0,200.0,44.8758,200.0,200.0,200.0,200.0,200.0,200.0,200.0,200.0,200.0,200.0,200.0,200.0
1,0.0,0.4431999999999988,139.36560018219436,-0.919216,-6.811895226310357,9.6699,9.70306,10.5182,12.5317,17.1548,24.0202,30.4939,42.184,69.2642,83.9502,18.2246,5.30093,2.64816,1.72239,1.01719,0.651672,0.504066,0.434952,0.406784,200.0,200.0,5.51555,200.0,200.0,200.0,200.0,200.0,200.0,200.0,200.0,200.0,200.0,200.0,200.0,200.0,200.0,200.0,200.0,200.0,200.0,200.0,200.0,44.0612,200.0,200.0,200.0,200.0,200.0,200.0,200.0,200.0,200.0,200.0,200.0,200.0
1,0.0,0.0,139.22805545477,-0.924935,-7.004924707489932,9.70301,9.72695,10.5332,12.5322,17.0505,23.6796,29.8444,40.7685,65.0886,82.3845,21.3683,5.18498,2.52369,1.62566,0.953092,0.608231,0.469597,0.404716,0.378136,200.0,200.0,5.71624,200.0,200.0,200.0,200.0,200.0,200.0,200.0,200.0,200.0,200.0,200.0,200.0,200.0,200.0,200.0,200.0,200.0,200.0,200.0,200.0,43.2811,200.0,200.0,200.0,200.0,200.0,200.0,200.0,200.0,200.0,200.0,200.0,200.0
1,0.0,0.0,139.15695167233258,-0.929417,-7.154466692019076,9.72902,9.74578,10.5451,12.53,16.9492,23.3679,29.265,39.5456,61.6843,80.8436,27.1693,5.08546,2.42137,1.54757,0.902073,0.573921,0.442467,0.380959,0.355682,200.0,200.0,5.92512,200.0,200.0,200.0,200.0,200.0,200.0,200.0,200.0,200.0,200.0,200.0,200.0,200.0,200.0,200.0,200.0,200.0,200.0,200.0,200.0,42.5379,200.0,200.0,200.0,200.0,200.0,200.0,200.0,200.0,200.0,200.0,200.0,200.0
1,0.0,0.0,139.15168356574023,-0.932755,-7.232961909951999,9.7477,9.76067,10.5568,12.5273,16.8626,23.1071,28.7865,38.5567,59.0465,79.3826,38.8954,4.97383,2.33384,1.48457,0.862473,0.547791,0.421982,0.363152,0.338921,200.0,6.14252,200.0,200.0,200.0,200.0,200.0,200.0,200.0,200.0,200.0,200.0,200.0,200.0,200.0,200.0,200.0,200.0,200.0,200.0,200.0,200.0,200.0,41.8331,200.0,200.0,200.0,200.0,200.0,200.0,200.0,200.0,200.0,200.0,200.0,200.0
1,0.0,0.0,139.1826194863431,-0.934954,-7.219325514427886,9.75848,9.77213,10.57,12.5277,16.7982,22.9097,28.4252,37.8175,57.129,78.0518,84.304,4.83318,2.25833,1.43564,0.833977,0.529739,0.408112,0.351242,0.32782,200.0,6.36877,200.0,200.0,200.0,200.0,200.0,200.0,200.0,200.0,200.0,200.0,200.0,200.0,200.0,200.0,200.0,200.0,200.0,200.0,200.0,200.0,200.0,200.0,41.1687,200.0,200.0,200.0,200.0,200.0,200.0,200.0,200.0,200.0,200.0,200.0
1,0.0,0.0,139.2696909998762,-0.936098,-7.127480379868414,9.76213,9.78025,10.5842,12.5287,16.7493,22.7595,28.1514,37.2627,55.7213,76.8402,83.224,4.67877,2.19795,1.40151,0.81636,0.519371,0.400452,0.344833,0.321991,200.0,6.60363,200.0,200.0,200.0,200.0,200.0,200.0,200.0,200.0,200.0,200.0,200.0,200.0,200.0,200.0,200.0,200.0,200.0,200.0,200.0,200.0,200.0,200.0,40.5464,200.0,200.0,200.0,200.0,200.0,200.0,200.0,200.0,200.0,200.0,200.0
1,0.0,0.0,139.3630998001608,-0.936128,-6.92700244735214,9.75771,9.78558,10.601,12.5352,16.727,22.678,27.9974,36.9442,54.9087,75.8108,82.2313,4.50015,2.14868,1.38079,0.80941,0.516838,0.399223,0.344208,0.321709,200.0,6.84665,200.0,200.0,200.0,200.0,200.0,200.0,200.0,200.0,200.0,200.0,200.0,200.0,200.0,200.0,200.0,200.0,200.0,200.0,200.0,200.0,200.0,200.0,39.969,200.0,200.0,200.0,200.0,200.0,200.0,200.0,200.0,200.0,200.0,200.0
1,0.0,0.0,139.46849606326364,-0.935054,-6.616459322391234,9.74549,9.78846,10.6161,12.5474,16.7312,22.6638,27.9593,36.85,54.6408,74.9676,81.3298,4.3382,2.1109,1.37292,0.812756,0.52195,0.404305,0.349236,0.326904,200.0,7.09778,200.0,200.0,200.0,200.0,200.0,200.0,200.0,200.0,200.0,200.0,200.0,200.0,200.0,200.0,200.0,200.0,200.0,200.0,200.0,200.0,200.0,200.0,39.4387,200.0,200.0,200.0,200.0,200.0,200.0,200.0,200.0,200.0,200.0,200.0
1,0.0,0.0,139.58621141101904,-0.932884,-6.205648583282433,9.72608,9.78896,10.6276,12.5633,16.7574,22.7076,28.022,36.951,54.844,74.2852,80.5096,4.21703,2.08664,1.37814,0.826229,0.534515,0.415588,0.359871,0.337547,200.0,7.35705,200.0,200.0,200.0,200.0,200.0,200.0,200.0,200.0,200.0,200.0,200.0,200.0,200.0,200.0,200.0,200.0,200.0,200.0,200.0,200.0,200.0,200.0,38.9576,200.0,200.0,200.0,200.0,200.0,200.0,200.0,200.0,200.0,200.0,200.0
1,0.0,0.0,139.7411226209711,-0.929691,-5.709885391889586,9.70052,9.78729,10.6344,12.5807,16.8003,22.7981,28.1672,37.2148,55.4468,73.7245,79.754,4.15214,2.08165,1.39541,0.848946,0.554016,0.43264,0.375755,0.353294,7.62425,200.0,200.0,200.0,200.0,200.0,200.0,200.0,200.0,200.0,200.0,200.0,200.0,200.0,200.0,200.0,200.0,200.0,200.0,200.0,200.0,200.0,200.0,200.0,200.0,38.5277,200.0,200.0,200.0,200.0,200.0,200.0,200.0,200.0,200.0,200.0
1,0.0,0.0,139.94100359550117,-0.925628,-5.133524227455685,9.67009,9.78024,10.6372,12.5999,16.8597,22.9346,28.3943,37.6413,56.4573,73.2641,79.0544,4.13809,2.11439,1.42727,0.878515,0.578918,0.454376,0.395981,0.373352,7.89926,200.0,200.0,200.0,200.0,200.0,200.0,200.0,200.0,200.0,200.0,200.0,200.0,200.0,200.0,200.0,200.0,200.0,200.0,200.0,200.0,200.0,200.0,200.0,200.0,38.1504,200.0,200.0,200.0,200.0,200.0,200.0,200.0,200.0,200.0,200.0
1,0.0,0.0,140.1792874744271,-0.9208,-4.580087104404969,9.6364,9.76504,10.6335,12.615,16.9216,23.0885,28.658,38.1515,57.7073,72.8336,54.0337,4.1925,2.18953,1.48933,0.922541,0.610749,0.480971,0.420304,0.397269,8.18178,200.0,200.0,200.0,200.0,200.0,200.0,200.0,200.0,200.0,200.0,200.0,200.0,200.0,200.0,200.0,200.0,200.0,200.0,200.0,200.0,200.0,200.0,200.0,200.0,37.8271,200.0,200.0,200.0,200.0,200.0,200.0,200.0,200.0,200.0,200.0
1,0.0,0.0,140.42334371735407,-0.914704,-4.314968073442035,9.60073,9.74244,10.6232,12.6249,16.9821,23.2507,28.9439,38.7197,59.1463,72.4068,35.6717,4.3053,2.30021,1.57753,0.983985,0.654214,0.516353,0.451919,0.427694,8.47184,200.0,200.0,200.0,200.0,200.0,200.0,200.0,200.0,200.0,200.0,200.0,200.0,200.0,200.0,200.0,200.0,200.0,200.0,200.0,200.0,200.0,200.0,200.0,200.0,37.5584,200.0,200.0,200.0,200.0,200.0,200.0,200.0,200.0,200.0,200.0
1,0.0,0.0,140.68856760478468,-0.907265,-4.0646542719052805,9.56037,9.71269,10.6043,12.6234,17.0253,23.3867,29.1957,39.2414,60.4694,71.9249,28.4043,4.48402,2.44424,1.68884,1.06018,0.707677,0.559719,0.490583,0.464844,8.76887,200.0,200.0,200.0,200.0,200.0,200.0,200.0,200.0,200.0,200.0,200.0,200.0,200.0,200.0,200.0,200.0,200.0,200.0,200.0,200.0,200.0,200.0,200.0,200.0,37.3443,200.0,200.0,200.0,200.0,200.0,200.0,200.0,200.0,200.0,200.0
1,0.0,0.0,140.9226637394971,-0.898824,-3.8498065578871246,9.51559,9.67678,10.5767,12.6086,17.0446,23.4805,29.3855,39.6617,61.0269,71.3687,25.2016,4.72187,2.61596,1.81868,1.14783,0.768771,0.609125,0.534547,0.507023,9.07264,200.0,200.0,200.0,200.0,200.0,200.0,200.0,200.0,200.0,200.0,200.0,200.0,200.0,200.0,200.0,200.0,200.0,200.0,200.0,200.0,200.0,200.0,200.0,200.0,37.1844,200.0,200.0,200.0,200.0,200.0,200.0,200.0,200.0,200.0,200.0
1,0.0,0.0,141.1941230854162,-0.889682,-3.689951333045625,9.46804,9.63553,10.5403,12.5786,17.0334,23.516,29.4851,39.9227,61.0666,70.7228,24.1262,5.01862,2.81254,1.9641,1.24448,0.835572,0.662926,0.582296,0.552735,9.38311,200.0,200.0,200.0,200.0,200.0,200.0,200.0,200.0,200.0,200.0,200.0,200.0,200.0,200.0,200.0,200.0,200.0,200.0,200.0,200.0,200.0,200.0,200.0,200.0,200.0,37.0782,200.0,200.0,200.0,200.0,200.0,200.0,200.0,200.0,200.0
1,0.0,0.0,141.4905888770989,-0.880071,-3.579273075760204,9.41873,9.59024,10.4967,12.5359,16.9961,23.4999,29.5037,40.0372,60.8196,70.0033,24.1855,5.36221,3.02834,2.12123,1.34765,0.906383,0.71976,0.632617,0.600819,200.0,200.0,200.0,200.0,200.0,200.0,200.0,200.0,200.0,200.0,200.0,200.0,200.0,200.0,200.0,200.0,200.0,200.0,200.0,200.0,200.0,200.0,200.0,200.0,200.0,200.0,37.0254,200.0,200.0,200.0,200.0,200.0,200.0,200.0,200.0,9.69965
1,0.0,0.0,141.8028820386507,-0.870167,-3.504473435605875,9.36836,9.54225,10.4482,12.4843,16.9399,23.4462,29.4627,40.0428,60.4045,69.2324,24.8732,5.73842,3.25736,2.28627,1.45511,0.979778,0.77852,0.684555,0.650379,200.0,200.0,200.0,200.0,200.0,200.0,200.0,200.0,200.0,200.0,200.0,200.0,200.0,200.0,200.0,200.0,200.0,200.0,200.0,200.0,200.0,200.0,200.0,200.0,200.0,200.0,37.0256,200.0,200.0,200.0,200.0,200.0,200.0,200.0,200.0,10.022
1,0.0,0.0,142.1052820418124,-0.860083,-3.453875532717872,9.31734,9.4925,10.3965,12.4267,16.871,23.3672,29.3814,39.9739,59.8876,68.4274,25.9282,6.13656,3.4952,2.45653,1.56536,1.05483,0.838502,0.737511,0.70086,200.0,200.0,200.0,200.0,200.0,200.0,200.0,200.0,200.0,200.0,200.0,200.0,200.0,200.0,200.0,200.0,200.0,200.0,200.0,200.0,200.0,200.0,200.0,200.0,200.0,200.0,37.0783,200.0,200.0,200.0,200.0,200.0,200.0,200.0,200.0,10.35
1,0.0,0.0,142.4000923577495,-0.84989,-3.420105400272861,9.26595,9.44163,10.3425,12.3651,16.7936,23.2708,29.2721,39.853,59.3051,67.5988,27.2226,6.54995,3.73902,2.63026,1.67741,1.13092,0.899234,0.79108,0.751888,200.0,200.0,200.0,200.0,200.0,200.0,200.0,200.0,200.0,200.0,200.0,200.0,200.0,200.0,200.0,200.0,200.0,200.0,200.0,200.0,200.0,200.0,200.0,200.0,200.0,200.0,37.1835,200.0,200.0,200.0,200.0,200.0,200.0,200.0,200.0,10.6735
1,0.0,0.0,142.68106453008562,-0.839637,-3.3981668462973023,9.21439,9.39003,10.2872,12.3007,16.7102,23.1623,29.1433,39.6958,58.6783,66.7536,28.6838,6.9742,3.98697,2.80631,1.79062,1.20765,0.960413,0.845008,0.803228,200.0,200.0,200.0,200.0,200.0,200.0,200.0,200.0,200.0,200.0,200.0,200.0,200.0,200.0,200.0,200.0,200.0,200.0,200.0,200.0,200.0,200.0,200.0,200.0,200.0,200.0,200.0,37.3407,200.0,200.0,200.0,200.0,200.0,200.0,200.0,10.9939
1,0.0,0.0,142.9520752749904,-0.829338,-3.385790957922476,9.16268,9.33788,10.2307,12.2342,16.6221,23.0441,28.999,39.5094,58.0178,65.8949,30.292,7.40828,4.23857,2.98438,1.9048,1.28489,1.02195,0.899212,0.854804,200.0,200.0,200.0,200.0,200.0,200.0,200.0,200.0,200.0,200.0,200.0,200.0,200.0,200.0,200.0,200.0,200.0,200.0,200.0,200.0,200.0,200.0,200.0,200.0,200.0,200.0,200.0,37.5494,200.0,200.0,200.0,200.0,200.0,200.0,200.0,11.3196
1,0.0,0.0,143.24205751421553,-0.819021,-3.3799410588341905,9.11095,9.28541,10.1735,12.1663,16.5309,22.9196,28.8443,39.3034,57.3343,65.0269,32.0073,7.84921,4.49256,3.16371,2.01953,1.36241,1.08365,0.953538,0.906472,200.0,200.0,200.0,200.0,200.0,200.0,200.0,200.0,200.0,200.0,200.0,200.0,200.0,200.0,200.0,200.0,200.0,200.0,200.0,200.0,200.0,200.0,200.0,200.0,200.0,200.0,200.0,37.809,200.0,200.0,200.0,200.0,200.0,200.0,200.0,11.6505
1,0.0,0.0,143.5220618567083,-0.808685,-3.376692388135799,9.05915,9.23276,10.116,12.0978,16.4384,22.7924,28.6853,39.0894,56.6385,64.1542,33.7675,8.29342,4.74782,3.34375,2.13462,1.44012,1.1455,1.00798,0.958237,200.0,200.0,200.0,200.0,200.0,200.0,200.0,200.0,200.0,200.0,200.0,200.0,200.0,200.0,200.0,200.0,200.0,200.0,200.0,200.0,200.0,200.0,200.0,200.0,200.0,200.0,200.0,38.1189,200.0,200.0,200.0,200.0,200.0,200.0,200.0,11.986
1,0.0,0.0,143.80807690876992,-0.79833,-3.3749162189708932,9.00727,9.17996,10.0582,12.0288,16.345,22.6635,28.5238,38.8707,55.9336,63.278,35.5563,8.73998,5.00405,3.52437,2.25002,1.51802,1.20748,1.06252,1.0101,200.0,200.0,200.0,200.0,200.0,200.0,200.0,200.0,200.0,200.0,200.0,200.0,200.0,200.0,200.0,200.0,200.0,200.0,200.0,200.0,200.0,200.0,200.0,200.0,200.0,200.0,200.0,38.478,200.0,200.0,200.0,200.0,200.0,200.0,200.0,12.3267
1,0.0,0.0,144.0930843427136,-0.787965,-3.374016675232538,8.95535,9.12708,10.0003,11.9597,16.2512,22.5337,28.3607,38.6492,55.2215,62.3991,37.3631,9.18795,5.26084,3.70532,2.3656,1.59601,1.26952,1.11713,1.06202,200.0,200.0,200.0,200.0,200.0,200.0,200.0,200.0,200.0,200.0,200.0,200.0,200.0,200.0,200.0,200.0,200.0,200.0,200.0,200.0,200.0,200.0,200.0,200.0,200.0,200.0,200.0,200.0,38.8853,200.0,200.0,200.0,200.0,200.0,200.0,12.6723
